238442289518297452
451461207333089254
289781731075809841
27006806281749617
367451035312291366
102091734465177926
141274317432397321
312720100424953652
295763089060859746
121509973942607846
73772979978254404
129778287335351677
46124909346767629
13938498248431654
408872616055718116
292842518532916
300292860658595812
130353684965038942
69246199663801616
467884130958294904
61190060896245457
57427248064550254
267189769525897541
95185271153014357
14269683429492121
158007155881503754
307033177372461731
201999451607027741
54595940333796379
42058830238525129
198602406405185647
75823829371833547
229085237940358417
124729553690872706
2318111351232392
773070736765516
21804058612022962
64635927968292991
161987993119177171
39536324493189122
55122631318656211
139687933790776837
53456625312483404
51595962773117501
6618325054780762
98033009718598879
272678149340111236
77196844118996254
59293966673425079
44814048348025441
50913260989347904
104663971004749072
62168022241965196
167199093099830227
103288131312125806
152790657115419754
55434652461795952
291163492262850482
281538572358388781
244214520430783606
390387173458983796
167034404299349512
134517837194916806
1197321198575987
42826033965044386
160522335213016781
305508501966681262
292549421882284571
352285558732155532
341405925624731452
330310878610669321
13396660758074497
17556994197945547
116345689255498879
209116819893835154
194280577575946954
23437595382812237
9647166928133036
143320847797214572
58535209974187
158212741927395157
297115077798302632
87818718844630411
6248519880517721
1277669062154
12820259290045736
56510097268590704
435075083222870801
299265559409818486
298485790696924481
85223508536957366
370770183584523272
3604377678183856
14454973012795876
126401890958742631
27972262866490177
372255785612927381
333276855371552
337631780319087872
190140666023596927
140555318281175827
7723151494801747
37315902729542977
228011891697552116
368052883058843017
3639787930352666
121567830920342671
46290440954523712
45991200869359022
23767554637576982
58658774844800761
342934329340937504
362786410964917501
109012810048227317
8563856864785387
255579018718954207
91268338573192
424389925604553806
196390325083505879
296864993028054467
252841155518739166
175197644668059631
159733745744102182
375053619034998271
413076609314806906
3936290262323267
320766635014278061
233860423287065807
971105256358904
191561054917935406
47118765874943182
495754978057909486
63308189209981129
107071070717863879
130630020747571
418978650943503004
481992821643697366
317701943512459132
1636017384449254
162866695476011177
59974289416658212
130219374856834001
266186361141626942
94789358525461772
5106099612548452
207458132117811712
221724764154081892
249028142293833907
256575461682699812
44432726580928687
57085514165058667
447901827044840536
82557138643190642
438556903499224654
82227091537655296
2669321091325079
30103945363013204
9933145320380536
19317425304846251
95823565713058822
37127489941465616
310134105782681987
329633416918956404
84850348926987736
64129034970527762
238389956290266356
295134149339043004
118745969373891182
164887613474964937
63249790022247116
178526900017852156
196436613748194002
420578577462939302
497880717950074279
360962460165192076
1653375655129
93418781835552496
1400800892347721
118875307251401926
274645851776446042
200754337292617882
86831729958899941
122726086757560651
2032522122766151
5262258590437916
54421704691917136
409430014761524527
355144059796017629
310095928661799529
455172119386814306
67995961607517379
126765192945421046
297614729987450282
62859879513840754
32875353703642529
442908757843521446
460685667732821857
492261580038021311
219542844286887167
445258848803682379
20784223557972821
205759662703348061
10525309357137142
22900272415376272
45734170649732446
257390495361174004
86753110909774591
214389828510299017
241185719795415032
105132689131636936
344685256760937922
398823539402849551
339235497972519787
84005976481144967
51874130433876797
25015457587381571
23378445421864654
367959618619154629
372174132476110504
586281405737161
34711480836079126
421511470538141029
115646599920461887
398346656329026154
3744611632234552
209838762044888152
27387567106648522
461075831505330122
9834995977156627
492556642419028279
132985058660126779
8311915008116029
441873661940183981
9110284447185079
302068048861459927
535107428898592
471942127047879154
35866748126196157
232527463779280762
445719567839428786
115640520089424376
54486118382626597
168155422123998817
38295268657876036
91267130349820471
472847368728867752
285658176983502404
94998185026759316
88013143841026147
244903346884355006
9844404075396892
262506117708387841
22538715281017492
94057365172762226
77499832598450497
15608646815847367
365210929771657292
103625816212646732
63870255136656991
83341282948378204
17515425229958254
93578569301187272
256172641165646606
108610085771057977
26550211323474406
422664602942034454
96671069939813761
121237837167647146
6665282329043081
122054108884037506
238113029116543471
469021908277102132
373691894827927306
66232491777699529
497912172574035067
37230330284081029
3831980564061379
25315350042720112
26494451785705079
52456359527763286
368526384566216426
58881237471028001
49337900357279536
405412541252259454
93707335613624042
59070092212583012
6307513080386662
32161377329247706
7447411134261686
448782910563422761
124179710433757561
322158558711525617
361198793989699891
39779440933123721
114454913074311154
622766708232671
91518206483415026
93558267271923829
644643221779
109124305982984371
284478834808972379
121115186150697677
100645394363452
365915138410289029
1119618196222736
467543245318341754
20756001408398986
426054385096786132
189710306736519727
316416823543202411
107437945602301351
216854255931580261
291636944588983151
301192321670838677
13672289851411
133128841855330897
438160276181461486
4899933785856341
189473102018885146
148806491092757362
132482580083597612
264190550008640402
41196498191224504
52564781553265172
31964653398792286
441830081922048002
99014107124021467
82401610391888636
16703765488492357
414682246638111817
198085062453959279
196653341201615327
29321265433338901
265984496707972036
302046107155825972
4816851163841026
839713619522521
431032678372594379
163141427384943154
22360390650848056
16475580491015332
4766419877484454
16211372685256036
486026630516830306
277349741372
485612987843578232
64604872494881236
3757845276675904
375673240629192682
3112181921279
167979676547150029
4210222203358711
164523429789626954
327914720864259907
25680611651305732
109508594624473727
16374957615399377
63349789950442591
382667567782875379
4594062858374117
21074372352121216
27615372362194754
112762364334009581
13835096713651801
583263181712
324660282128929957
5800612563301637
362895774863637016
303644015604702502
72172389370210112
43803298314158671
1306641948161617
9268653666660091
606556526200879
9423863685318826
302552866046887177
104827280032109287
27976441726536772
94139497503018451
142033353323187242
33958436181976154
218792560788105536
29921227741181077
354182884106973541
322899148476459731
327641442190098976
157772562757823596
359684617802492126
38258584277932397
258138107386068431
347820724213077152
483221843077574504
149056652748044279
407455528998599404
369118472327236381
390209686114321504
42035517342226541
131286974217835151
40643360387776192
16970072593209842
207936383741919211
26784508547492021
147801936967546
295769365010459026
10913139319365416
353816306402866672
433289065261740437
24784682993239367
362473849467892316
484144842782487287
401499175416785629
111446325089875822
204139544213272411
26152417782286261
52383983593917004
53300656310280331
360552786356159629
235726908578063932
73927874992872091
109487767130713654
36654510144512306
160512087703566082
134891020353852247
79207906629120221
227663436129609757
17898423019548241
277577006596072
402921049941367987
224714346893104097
136080767217149062
37990236684742904
183815371155122029
438070839165692201
135598694357125091
106673935929837082
145765359167835782
85254212981329
324076774789752721
367636424090917027
112079287059892504
187005143487257111
152569273677910657
10556027781957022
640152271332497
386667777296432522
59289212451904472
2209347180750431
173918437466078936
103749263670001954
230537809732433779
198224171167816081
272403133275137557
377879141779746622
337532407529790841
214085689522663597
21724087564290412
234126354491847416
233181296388742241
144409090712553416
20680428587047517
356396105144369977
4365714474557671
196606364197315996
37272682941675379
3455602670930971
57790154529297362
5327960391061441
49060868407519672
1035955928436412
353671187494205317
97635098160310876
3800514945438556
156244711254876812
57159356288511757
369721826261814061
159798744115641031
8813933993755172
59286973839504041
7366056917235241
459817985353096504
168504050031450079
248876067778037806
391320642016197091
19082441968965379
41276046273060601
202627189364580416
147302929182606212
102354061332939154
20281535954156
454223243461020937
192893666017921337
294769780094353411
998577112844747
131709399724079167
299814531562598222
18555626026026646
297999615946061
93900190201172579
4555814623808086
26444726707858057
104654124868638206
187252803581960029
144882637820274251
131121115896371161
155959826210953976
1975114704286676
223639329486656776
140699992098630602
3803163268423897
373833754224206896
173530965985510501
104085165482970016
8274377257925704
309785897902148866
1272394589965657
1989860725848062
61151072402881231
44591828051343629
29540540056467001
451828255858386761
72490766247884216
36698015456464672
392190800206212616
154021639043072812
432502847469455077
4117768862634317
5721940471666927
951285746090527
87824094609776497
3891979751894626
57049811418154
105048283444644661
134937194256663262
2411757891653881
23136948199355404
88785949527758837
450310202153759977
14971685638891216
343272451700451379
95779901735890786
462172011598368787
68183856430400029
432944396698537154
441751424485282004
121891215988167256
402863690675960521
349067454884834182
398272172493491116
452375362530738586
273258060444536542
97716519492141187
337994975483976241
137469253483189156
35707360399251457
90168406658527432
102554548108614904
139276318355060231
403805580691406329
383035336731609662
268162147993215379
83642885100503197
72086684075032
2701916836773379
136647148033024666
137584323738672202
114107673947464451
19300387528084601
300567940432675216
141435274988516681
7000863400138279
300376531200243037
470529990084867031
478427349444219751
55969697558884879
447395181655911622
3869997159065704
67010976448968917
378509844880653721
185631688470765154
211544274535933879
198472641900787892
109376523866958097
205572495723537217
172821833422049827
5195202952744471
334776993885372292
9489431399755322
182008501744700437
29196198320955079
265265447246696404
15398980322521504
460853354984373677
76370485398069172
1293564219655754
78912180728898797
256693974675761491
123137345069512
222811340704253921
252266594026432507
114055552647458437
2142374063775079
19209135934793911
25377116071856501
370150827717752404
20353617902858654
114443070904618346
160205219247251917
332436822407623091
439562581658622632
3143474845916329
4059535661293106
29794944060245602
1703473203242932
29026600422077722
34468321881673442
270196405784426
3656275963342531
138417096191786777
1813919657122379
5895453888650432
130474291927828279
331140641150887792
9360331039832186
120707760912713381
289342318657431904
480589043215797254
11124176120681521
278482396142822692
422037591318679547
441376101099591581
287611235688023977
1555857626672626
176806043767019242
152637999715963129
15524311666292111
364475563588695379
168642420775690072
325528742368487779
212547240100648651
140778713402941027
121939701462008551
63219261405110276
452031658580832904
369804834505800632
209523802746074681
141242285204346701
485166257371688026
149454197828249591
292034868777207182
28073645382526111
199159474010072941
144653271398755967
202744525883574754
338677887461799512
257819485207681712
17349379396866407
447080584466857447
62917571681828761
2285884950676681
145378285395582922
18298638234046732
226099089735855077
327221439024072142
43550447777573137
49042808113772029
214036449391329202
223046977276170532
387503600969559712
491499448611935537
238817867517516991
470982050329135426
192848274914640451
490788757327122892
343890659932650754
128304134462151529
186986539567479037
49949321689864312
96813949162492552
426626373000146456
36573138098270404
275139298137395686
15159161353179526
214778105083364132
6138279613466431
173467193755075931
7254821498652211
2606232969255346
4066354762750417
189243836672574922
327116092075874116
127999564300772831
102267200026373411
282405224205388561
431790953360555504
27915040817746951
125533650102304367
121933238150425079
122980724736142522
25366489946114879
52381361504751052
91578909445766992
470873347422388654
61506653274001657
91107776111854817
179214427292803841
228076622673200611
355048847381495932
485978856596454904
267691980736551296
22952335658673136
55431960428581312
98854833679015129
151539956932646
308354343530814211
49235219843100001
4324985241111154
1738429214803387
100204008298071031
164180408870905967
58325923646059447
57150396711294007
69615026612887331
38125411460225371
18670111306822837
295382172143214821
608536575058601
116472891199209307
413429799426870116
171804563928528932
331402910519060629
25383281875648162
336111319158697936
407168962649917171
11089850470945796
37580831149703402
421458270191176817
4251289167729452
23010454239349747
392079752469989767
65073729524557462
68842870706153072
20049557561422796
141315229247445002
9983179813157266
248254466866921951
158105287912203821
86182720897167379
477702483533310337
47668007866550087
61129130314443829
114362296690405801
21254374577
454935186034573141
26359832221519897
204649878080574137
10994897173220704
8586218775052129
65498421622577231
443722856893543507
56763902911602251
327904917099584546
80093721633134731
379157417120998397
35220410354880857
16597126314108551
154603437856979512
36047569678724891
337700116738781626
257008461616759981
183355858339275547
313269979556950607
32861946408128971
98167313752613296
43483431278994736
14353083447763097
364847844563309857
89094836116704706
379422237443328004
229091326542602372
232162499596287436
117160367557831886
42508325478623176
404653185029106029
125620138491490654
36374167926217
13949244957078256
122865868880528204
245921870611532782
19459846667079379
94071033549122917
157356153121519627
301000788960149422
343257550678499347
105791915884431526
19268917689290962
281288948473336486
156826524681650567
315005488778369587
174349563521498887
1430536266310516
148141789095077507
120740038738672201
29821542404469454
138963473736755879
106450526330946211
1012062849695471
10180498081050704
54498054803005667
155214411989237902
31494541667281931
234568934995075402
163760587501521154
203437008454049836
23403311521531537
648454057512356
429233649935412961
4666809184848532
164020737424325776
42504307654227266
482787585067095436
172661724915620341
316550358944336981
185208501890100847
155301567606350111
4274740678328716
127479337543938629
90793969053053204
43319498195677936
319190732699219201
13351191241394567
54987898787553046
171592453306480012
242352198203664826
24856380006544321
75012763138203829
388499346525455572
311332046291432476
56400932351616217
259820046649108792
74010840023130154
265825088620096786
64063905630474332
43093843867859107
293911671469293154
396178412932277129
190708675949656036
488278538051620801
197902586409254806
381792040652422654
139959673339942082
275976425906900866
8188298466226582
151493097776793472
496055526772432187
474388878741273731
332776426079896652
106833763714590326
3224214314772887
91062281597728786
94740129165384952
92429215613305292
46750413250782677
47665107986877487
32967317987655716
331866222925950967
3136894978750171
44094567839733847
81790330169787331
1252502776525466
114925634994536146
28219785591024731
24639353942037241
52910932910075086
71311813603691896
5984312210630237
6872611672380301
53421282770531956
47270676567138977
21826415984778902
150767963453079886
41855226444285079
389114684329852966
10097138263316029
432541750761059227
122983040810227327
145319997407654752
120365529160455856
236417595435203002
368653375434264041
481769225521201541
448380585254369632
18710224313488654
318923067209318651
82779529146564287
123899465399266
129209425848591797
423924573896164147
25904193392960404
177342787594819282
375627130754406626
141134710297851281
360691052801403881
1350198826293926
356601223927612654
16398500052717911
21847355842436401
396389005428269077
194619557896222279
184989817881628342
67188941381358106
661805297675071
42157863677489366
14475262917140071
259310401793434541
355755092726764397
21942506329
27343260233062
98022877981183786
145748233445768129
437296008798648136
69397706427232
687471227843437
4727953640089306
802480860357352
363152882953970386
2462718839319454
56523260340851656
144887620892339404
83216702130993757
262773532332058126
143634105340013927
307989478054881547
13954980132873397
352027740251669731
13044679614937037
357141136217735872
460173531309676822
267289038570353881
279559947694734802
158513725269694279
169305107585655442
168476195319666007
310131480813815126
38346308658464041
75587364481747486
294167433363490051
1992136853528857
95019974460184187
122724806566418687
22187673193651462
137036969255295256
12321591511115602
113732801503866112
255324524457237127
31387447177356706
238428979690597879
607224536079932
38815292078935841
20672109406265032
87517621881415181
116695478249159812
345843532816392431
381340377318807082
112366656312252379
173690378289547247
105788351970614504
203920612269698482
374153935944776852
232349229565069327
7017979355161427
64870561738495177
33869916969328379
212287824253463557
357639704811449557
92008548662575871
33828952907574112
788739366938842
48493448737070416
446154476803935517
243477690545743787
440726750065430026
31899022167324379
12284580352372157
351753895116266329
122707587554543821
135860910108166597
17658162995620921
145224434784342071
107106155969673421
267987759669038306
1245918661913972
52807186871136727
129138764305732504
120924620965117552
392465956249044029
26951007176350702
37642965818384791
344148207168571456
154914388638067879
162337729689401501
