245294100457350154
263470970867645279
112166998287585451
320693126525608831
159260022659383702
352477751759176187
15240366239684861
178273671847632586
418470162349056952
213574576791543829
314981445498083137
102020993443847416
99247892772404812
35575678890934022
38410556338794872
250303116292589504
452048024284839686
199695132592164706
454393710535017026
84850473335161879
6107923169404
17849111825404981
52857834142579
43498945363270177
296446979682693004
4673254179753812
72616264112115154
144445461157902412
134139481231477
159920659758124129
16249154099427757
198313855473141731
110255405910997579
63146557988258879
47632977161455862
59689748052268891
429438297747091129
89349025503160504
594439458287627
122172151709245276
10704215118061901
9557735376302696
65157693796713652
991984125136162
59305353681448879
225845698344284657
18261818100603991
9959185138862197
69900664637062721
306685447193430067
817230007057741
170783777171016956
193956165766800571
220664559987029081
149082064010148557
115451130394035157
5942845966065961
4164268861688254
90751354100301532
240785093379209654
11045850827783926
127457422316341427
1578539294668442
346551988607076781
172279348820004701
327567728014507537
423313318004623867
3374364195882691
46354512473628529
5560350830596954
42155657752499887
251870148979758047
15039537170970202
36782548197750817
491483190735969356
323925194374448492
90061254544469254
31375355585673661
18740419306449142
423764276310023231
16218001668150172
65460733701451687
54247478410966402
112287554763364267
406234640166848032
322001529230727067
118207549624226762
3130467358133347
2557486863096491
980138941512826
481967213953617877
376824436522427576
107634327514166779
82106325832359004
49203586982088254
192800771645150566
262180943412594067
365791312646747596
222975807440962
25758241422621379
193745628616260904
37505051746097951
370258301317818397
97007346736025546
221114116950456097
13235314314315529
27562240998117596
58504146425248876
484137999951638204
224350439328134806
423079754882617406
2551367353632307
376168846586541232
27964229366374121
291686290100645587
193336014214232572
350936416327799306
126326261147294527
305282396419426741
442674484253537404
339279581833795852
269176265954218172
156072526261812736
10050175502812
47735791419605942
100914568599039232
406357189863879629
119910061279388629
148455233379086242
53416248797977846
19263133047653506
389767765336869872
224356639515395762
476351776414821154
61045366016779
60733589576626072
307770833638623931
119270444120385482
3007460092077487
1385823690720704
444488594467061
44175253111567516
462591991466234282
257381553455717146
55605261724304572
237007822795453712
46256763666386431
279479301929910812
309787884618502336
420832671747217237
227625117035454292
84675132768825106
433841018066278904
98477973591643837
264434062500270202
52273371085756942
382806917957849011
110831680829026192
273179898868782026
14277796381476002
285405197046241276
461867456363287696
111323047461846887
64400319625837771
2977023889806527
203838493430743382
87854717019199687
52348053318144754
8638390256881529
8598331476961129
84556354913709904
66361886445310171
39695896381883779
152383341135671926
249716002187118062
49632676383413036
215020206611593112
209082656900881936
48336370188186004
99973364837659562
240571162721189731
401157662146937642
250518726075520046
156121187746248461
3515430829002262
180117614106334037
243803596520313181
1367817098563696
414365922604725652
489298249378046431
207998206723043881
319222335844923457
118193749006476826
224223298118016682
432036041256982477
469127155251927404
485806495840548829
284064287058578404
79466972240848207
387752437827304832
20079666677126954
287297287168364029
67811171989620746
20681602680014992
53677436706718381
14395693704871376
430578993714217121
225290004016418462
2957426730729571
156129247787046041
237866479858985254
66226422563266687
2506407544964467
7208768488041677
261164227253375041
3513413597999879
161128336399848847
60595430006587477
465298948553012732
63485090641760636
54143864317603537
193911531635127737
72578975436506002
10683519690026
8707427658086047
307390351938232102
60160802067642082
7895968699183301
294881475477892132
250874942845881097
338045648711245906
341465526039588526
26206812657676
212667084119565856
342371320915054754
303820396948073254
98075431703327254
84582324636382057
125397986032460131
5862463115022452
336979286649545101
117988070766286891
467345797297755266
214393990519946491
144200771290529851
311440256594894911
154304674165721146
456595621638716407
321812077694674051
107580823515447601
86906100834198466
11100683643259529
432452407308350167
12785353712120396
361060603605726977
16196037992275079
110740062454972876
234297209736543529
220889350742122129
70767731650410029
161097625993924741
135002408026937627
327072015486757906
4643358851313154
120930272586464222
311974504661764666
58180588218384571
66490102973766817
31182437182404004
60362989369921462
173425944796613786
479937151468897126
295536980878264532
68072420062250254
69440136819379
210946354766420956
154964680236004507
286242599362478887
187323454679924486
412437876108145279
308907463905486821
2674966303417762
45509916751479646
325351866544901372
350115724637390279
86055202806716917
402905239133875186
2056742269642379
1184545236801557
300770295945519961
22984585741723201
303501761761631587
2092688421138317
4990520747075704
423270611565166127
105507666823975432
202342943998094746
130593990276885346
28700598837353186
359646933749686
7144695590456162
193524038367233141
45064318215995404
1671808268624092
67534636338204904
31088995540438826
48752514762004082
201316016771794276
117894949802013232
64851653909596786
445991051546592862
195000646770099031
387667064805792311
212451192869295766
3957644015560561
25793885011297579
49564977413131352
42134083846875101
582906316784002
271247692676761231
4039703487663482
45693678418393072
260834161410270254
247284552457318702
102195702903269504
229714279497127811
474486926060599606
98724012911295662
250745873845616611
393605655295373866
213550985653541246
5243022797772316
66661609030382461
99329730082774972
15358975924578001
6034839025066742
247182009366645382
29477633100290041
132931632039673952
189578092450875311
365852764415752504
4921651106014654
3620839865332771
34474931043024154
80811770302330057
380460518318893261
477459751433014879
238840467413106841
318578734036947521
188779671731661754
195945018461848867
180102363449024072
268615532254434961
74038883382598171
15797677982965726
4900347491686571
358550958298710457
4843966545004052
82894938790449997
191801434311220972
490736256131732986
301746225381171496
284057513210238541
307849698419928676
219235785094672012
174865500818683756
146389987559560312
274826935233880927
275588807090998507
21286202918778337
429518112751205557
255583929755880821
2215766573083442
443716612110005654
452057566011123206
122994713262811867
44970908153384567
14442933369177952
88060700514458707
465229719295995886
276159109742889527
310683804412996912
121011895500953681
1268570792206082
47747751732861779
323481291116462404
80459518177134826
454548778564685851
1625175662740879
25718841603753379
355692582056573461
465381429028194422
76622003658326557
107615095866787741
243226084025287066
333072793315549177
75610717635079
387314898242499847
99155004861067261
110676596175553129
391535997699085129
407772147890366417
449878632172421047
44514076766181871
122470736202365632
294333175813816129
139961401301111329
82791968225581892
298463070123636082
89963611914107779
87224902386234442
174713678487772337
495082835565790642
326125895950161916
283478069186557652
172909711966488779
400159686840393487
248232631447138417
431812865392856497
8201849038535504
24849206893759756
126000846155641552
14496735452984779
235340389505971156
409345088945647507
187359651407764411
487498162997427754
158454937404228817
92532224599418254
95160624020786731
177542153170185787
11496895874162281
111077615493452531
471201597446071312
435867386837531132
241760545563652837
99299744376447826
2024999885016637
236702622150458779
211806864972695477
417784547943766642
162081935423405372
440795463972216217
229085726650081162
47916348063295331
58859077593265616
4033429084532
308658431616828232
5944068923371954
15978410860074406
412581914364843542
162555550475704
101395875229363276
163596606062421379
193621843009587916
171537155781792154
218214088242535387
195116326471841947
269645689108679137
2824303821485591
435023411281933511
102363058888078457
82960703351475356
353766908127568072
171086341847282687
17833640637156862
11028253181931616
265609133228746154
219907279880075704
46602805948185712
428386574018335079
2434658078307856
83107368622637737
120576233454345607
309278656347916732
7266349134172262
43051378969419256
355917347840450062
82876242866293829
102260363404891682
136862437509568379
90510471585789581
62795085465239131
362795133506941181
949758970994071
119611641420203879
1270371454718654
375860834023963381
369616376250199654
374962138078747087
446863079209799506
440208648358026286
19987372293866527
4367987376004267
63253269568134254
315505772740304777
4727690605518721
21316889998569796
38904629168764496
30276587292636832
86396404999725286
193724543032912487
124949364878869841
113795307460885072
65068136067805432
23823116635034707
351308152127506
154475382332363107
274709568498578129
245982685457056097
100734575356887826
325397899538754904
738104736112657
8893474168947622
175515447802655107
173748687981122
472144660814488754
393155066119474351
149685841475040271
1528698482184512
94002290983143677
344893604678703487
62892822301567841
2054323497658357
311606924336075986
13900083282529291
65189011468669936
5901031855875557
173182892653632787
65336313342834706
305021197315095779
393976667583272
848746471206404
147342068650446707
33554307286184861
499139578981003237
140865497976720511
362352570481947782
381829023033608557
45388622789049001
440949237548701
196002205627917847
106938732715461641
8575231792384532
2118219283298486
4463182622034847
169092830474846476
59453766001075756
39468274777038296
2626003896896954
12611258466352121
21717239942022311
107009238001747396
147600032714439697
263550166085406904
3188133621299279
97726655279368672
351443986874498441
234463145484871486
187375893143239717
221333983478508826
50768397428175079
295537620531314932
22369134428975107
20080528798307681
389912304544506506
19834524798844966
12993305726801162
127286139106044142
22841453246812201
13588582627537654
388478985594432916
101575576433470504
216072017821143397
42642933034858081
65276527005975692
287627927550590797
403840644034893157
3471848162852591
802193481492601
270199595332143829
346352374488483092
2641793569841329
164401274710118986
343642037342967211
1967012379868111
658933992454927
184441355346454129
26831385360684454
105295558366908004
30963722036014132
19916123625465754
76805290853632012
310475432931489547
78074077050776
64703044194241754
25417595097846316
39927452945656357
184426195416096337
333007938117835904
65261152968992696
62088009751303111
136358020136419792
72872764406418629
79068451922720206
287659980045389296
285520412620233529
119518478299470712
54678453762271021
100895840518915906
305161045099771954
359166848742560896
377963293708075079
137397770327289847
295953966924823747
170992903907206102
124509323224817722
118423160922971311
1333637537405947
39285880565991427
15254622007730491
62832660717411677
289444352229061121
483920327634454
253095258913801129
2256846775560379
6406590631134827
1801396860897727
46072874411304154
276724922960291852
469886940500759629
27826727601916936
195567378410933629
389498731651390286
178565513334108622
73441974266632154
10257367966702292
3804019586190776
485814362778515072
139776647670180004
15935372958386707
108008558202514321
25039622208526927
81734712642492527
401286020212207027
198341721683242
46099053996138992
368225962020638107
1436614780361356
278850903209741482
88026009122068747
431541627112087912
367828233196700837
33746501356184936
354798576344465254
373801740218141446
463026905607012754
33343717546480961
120714126804620287
12561745455911656
40769988485689597
140594865930923692
26159458176545542
48002930437931876
23689589541702667
4990240616931262
351399199305355282
369829308950706161
13015377421411772
16460810609000704
218524960516843829
7939454421614654
447569747076990022
260228673510504052
92762202546959521
187503386314959596
329501107926072856
10773373224199051
88323008568746701
57983697273060154
11605620417903904
146599179482582831
272063785961275562
39887482954473001
179809544106458806
41456686581870077
52658509602538204
2707662402510496
207065592297826627
29542202165150704
25152663261095806
229339583626076029
2496281816681851
74276981346662579
15653205631091932
67877079123600517
165573945101033779
27938530959336866
3152665509993556
13549123107043526
25301968508158267
27508923186440362
102413694362690701
264765728047031761
170984848443703877
79646056555809881
316897938860296691
393085444048658372
154954562142458432
34752667436898691
25404301296258067
250172801714249404
20636418978568901
56829598034117911
354511550184811966
22451925435228829
48127622618668366
91667820690773056
480661660035663997
2814702768636931
284721752339901416
238889324853696154
49579799412678707
6995722835424962
196391900039420131
208175585695535207
186562685302186106
2180496405930392
11379635239717921
42945301270970606
2437558949079991
360527480406325577
247735237438006567
82966940167440226
13465034741113204
375196041558394897
374413501372662187
12156327754292
73801079284099717
331064283632735207
8571555228842552
281270535749845891
268698286200408626
30684193918220704
257455928173957256
440914582894063216
12192208018392754
427269755984727517
938653437541051
51820436453791826
238291678954689536
431067040050845891
487055012340802627
401532179522554654
262826974461790631
8875057762282021
12653724227419676
78757289282445517
85460480573877787
4584946426297904
425406074770769446
62039359334944279
809669583753592
200880389485689232
218018778582814301
689125443207202
58263335894200529
191802388121907262
211371634128672754
439409936842403347
132664626468877822
477738236324749297
7027443003934861
3029601494189404
3325950125034154
395224684405595111
6042943523798197
31742410990072486
61631963971223636
31510592137700911
32970865719731032
81718082456019856
72560663257064347
108575820295939504
343996852519722871
126968711450841821
122737672691951956
452011420551669904
13605059269572652
51958119707747572
332518549863615347
357638441274124396
76713103629213601
400554744666396401
16598752425564401
438029501559297967
34451460113863654
165106436242709887
258858173612366071
481726904769046036
530383380436406
303265084089109279
54946269036844396
112667938528595704
372604262138007967
223965302223058111
5429020222146082
465659085092665402
365221316373090662
296574875192689562
72022941474973336
407662305256276357
6269233625106754
193138358395477342
142576725611847692
475362170235069154
24003240764225206
200104381090082077
415909672757282
294270426879327367
492550612825431154
166965858623701879
163164705664983772
198230577191576692
493586864600319029
179714273778241801
442910895263133392
454307993533799266
40861271978508577
108376850448859027
58455243784022647
23995454884340227
142061545584844211
82147149479612947
489459329759967337
32753321196253186
50160649046563001
193680567902857597
13745294109188371
50729871864816992
51065808202360501
367534972280463302
13331014798494404
27882881922287162
157370105869090004
1613201935040404
901383998614621
2897149389022487
33732621981892451
2083145308314646
154246686569065504
315949851142811029
245952079311246616
22076184163748926
27787113810451912
162681603094674577
676488751189904
87213802273675396
225745804715040632
155083548999499576
49165312776386941
401859875026177
421979274750901862
244129793139607412
319441358026219529
288517942841587372
18997772065834654
72616032407234626
463940752618860892
395654455777792
1637428683075266
367704647548703404
134306864373025906
2163439900527754
73941274204777501
374004060646631879
59227556391295156
17040168981544529
8494887419036866
34069721101516129
485196434987829446
76483763427275029
42065647100328226
110133165307917301
86572789650638032
453624228807116096
347455112232538636
449897430838852726
461593405387626887
249112588051903151
76185419675701351
411362842050982129
357515237654199632
5214343652786041
143092345387146302
30286503964742404
122973719116752641
233983452087807646
413891545487805154
174436557899288791
105536983177226647
40154586287200816
377277275122919516
210279868482910879
57868875776263871
50082753540487879
143603830831827667
1382466409984507
33336893152646827
459124302034055387
102853406435103886
484611875417358011
4670375378653021
39301866953208526
287109236470627036
105455187333395911
424718091678073754
70868085635235982
6955446583929026
32998307258126954
38228799769538302
23085946423627571
139596773094023456
1347586649529212
211384401395403692
215004171252647792
31685532147473051
267473154438928442
146871648795376352
44849519562793232
180534038220182311
351197065766616379
221379377482618202
140085834597845026
3719442456154936
203990455028802862
479671552575661891
315059722872500662
24245714138294972
243937390937056954
147878761282908212
178575546655424611
149503591419008779
324283360595821004
168378271641574687
22457142634549372
247901881305977812
19043394983266007
60034408305642551
83100178679422591
226927814230199161
183560149434308186
159194994017711029
360398982414097579
416389448626770802
177745719673083907
68046063556257781
378016678363345792
478498397985199516
97933326405042382
106097371191553016
107106006475390267
828903025795531
438136915619597546
120071058428403826
150947623502776276
318269732072266262
145319647525232951
424265099652351556
48467542700984002
454452685704978829
289337938487158871
252187931040074404
171692248751162206
29846118373201379
6038835260642741
44114005254580004
372538479860761216
9552503691563681
1168511826493379
325142723005468372
213377723504191591
9343925164918829
19322974718109316
10419652821143386
258831435311683004
91936330794255647
166026611374856716
288960694327199756
192974739104532004
120478513083609454
7877336025920537
38340544764149266
5068950030346231
148910296379526992
121004069049615152
104873882336078951
359907591099009926
381188363883261257
11335887477981766
20823873716225504
3687385380915856
354926510236461647
345439339399022761
228186443689506967
124206633122879171
498804748667934562
185817231275307779
462534076511034662
28890069951937502
6059690972678081
370105805665279856
123139063957290707
291754413301798766
30673393500660031
11748423749778706
146417316659453407
322777617851147461
190813148800970872
333449179417520476
145064977560725629
109994707172287487
12175063534799629
892907716064596
103336079596674754
38048715049106752
239346666358589476
106393670430166154
383058325639483652
412577647690183756
104439198779713204
439374297441519742
240951768680173727
147651709443442129
352775318291695037
112989260397618172
303350063402795101
264288897592586462
6355147091971771
95172078325422296
21620068165801879
130107365259581747
360584874161064092
48411244401975004
4724452233590551
406967705702099896
3942228422629
2854655251020211
26758089282772621
116801903114663977
31716808254438517
9586726536646442
353413283591248654
21122852815186402
10479995791829971
242226733550222071
350549643539804122
328655678573238122
404892491785524992
475991375869512596
328343076853818154
156757479003100081
23767512776703542
67528250868808654
428808672917180404
49535041359639007
105510461154014317
8594375688628382
1328506114640006
14966649688696526
71422240471468504
2274895156850912
180235361187085871
155328310537747579
56086130391273451
60032791156810837
110728400878944466
473015566254067904
307372923665559052
307610386765625461
36459943563058726
211815501921872332
496927146278565256
490627736673071701
243238937708117971
248702036953010411
33782621104494676
176071376298858707
61704304032170692
1215999431702651
291556811802728297
470672705855388962
5365812059785129
65133506674636372
192427928384556404
179334916393460752
89336564370717847
167017874862134671
165666320156457556
202107227778220132
31350475758448991
435788416159631822
174843864646360004
21135314341981532
182705068090240796
50023164621660556
360616101400517096
356454293778817654
164635987010620126
3757994823731029
250620976915204666
145420066505808781
47237217134064454
4302007837806862
21740930043774491
153238134438065567
213617281653231226
13996712486103904
222616845148890292
90157736097112972
30012826953390446
49973639086885816
168062966092035142
102595858074475504
164422528952484181
34831117189246
2693598448159102
294917180566750886
357440362468935916
76566014192364127
8914258987752602
14508938712602686
26160098862403829
32423499309297692
436036058026644121
8240828705261779
72970224118738157
24040156192039262
257143052132033204
207669619771894837
12833400881047891
204166733812084891
352476335327928907
45012381101503279
468306481779182281
142920135617531041
74095619288845477
100049872768667551
459266572403309227
8570000878154536
27244346754646912
61671498788458654
436347191356947886
51132836280655991
268564340336015662
103400011579784866
52220454236281892
269168660213491171
371896321625118592
397248192055978012
465555790124368297
6149045966490704
116513249572604837
266750404068540107
12911108956338916
422302122968295157
192587088652040254
2440644593075977
96160501317929206
286486301917681492
308809763261108047
41616072348766654
385473037485793576
169649883694231831
71978480643987922
690124164958972
185278192877948879
298310307602687116
125266003615471951
406689990586267579
409507246944346111
111867598743091
280166950800137612
474160107303063812
366130317517838617
38943001950945121
20194616253998176
344352539579961166
215168968585090027
105346885475264917
416038372496671
