112634892750
331379777340
352972276545
332723639375
263753873615
315013227725
188480212500
269074188345
341032069500
332897477215
57350920995
199134520510
161776295170
115312264515
195610016050
34607156120
73604041695
123251132845
78776350220
123762840725
399897103475
179906292805
259714069525
59413232470
77628145685
180383890570
187896726500
139416590420
224528063775
360427714815
316029163110
355292940450
34379951710
232152640195
282747988705
161096154740
397192483450
305419957360
70822428650
26625650395
282675114150
31642616985
70743017625
357313787565
319451943200
237489928955
218525335050
47158351125
35586326430
114008281720
101286327225
45793299850
241536035075
196585175140
389304375080
181028425375
332142923165
191450396095
176460938015
177050021275
82241643000
357914625000
117421618805
31064487045
235130108430
217313183830
210299844545
317524115945
18518584900
281943907590
90133694610
500777355
61906852910
258007291345
399862728930
87728405675
340545661200
300718265625
271392908550
29690736185
253750754070
170305236215
287831687005
367576943195
275307781750
271493808200
153275040120
136992904470
98236690645
207284909035
381357320440
319953583055
379524581685
12500475350
18358906990
153979414625
295563687445
231938886000
66848059425
112742734750
