283216249885
304892480605
256735422240
320459629025
210323919325
272772090180
104929757510
208532771010
163520877655
232535755170
208809582295
149867191225
325272231475
261121547295
235112255825
4887762630
199731224135
120123823355
44446295295
237588153625
2368761800
142842999025
309190774250
376068530800
355313872330
194315300865
129290262125
87239471145
67173656100
221325466535
270626658685
347415125350
254497764510
107891107555
213749127000
253145079845
380930664035
76914427365
274711100650
116901469980
115205167490
178445484425
99511639725
171848119540
2286310990
348866007585
158708016940
45845031485
250879351325
331315939200
352302879625
88244652100
292364508860
160412910320
107131096445
326718026475
217144793950
57490418350
199873205000
112119346235
387385961605
146919548475
381106653905
64433019455
314946795565
200162261820
386582568340
271336316325
376722687750
116759615420
286289312130
87165396890
160686548320
141628030675
386637716360
98817330415
157078062625
337835433730
229315566375
389064905750
169338052830
143602320685
164464657770
318951109955
249245117670
156638540500
255974362175
250702777150
86322348085
151987262965
264376428575
85309658750
50694266875
269555344335
125490316770
393678635755
369596255965
200210692080
354832062500
141498370415
