10000
700420017
725907667
473639099
800865939
564375801
839616283
174587320
597115854
914844426
653566487
793702016
451710069
445528658
266742118
277166218
707535322
950839654
631973310
953303425
411947747
3495117
188939735
10281812
294954048
769996077
96677341
381093857
537485741
16379223
565545152
180272871
629783860
469585787
355377427
308651833
345513380
926755952
422726922
34480123
494311949
146316199
138258709
360992226
44541758
344399052
672079903
191111580
141132456
373900159
783179988
40428455
584437810
622826084
664326064
546044071
480522903
109021520
91260822
426031346
693952582
148632774
504890923
56187886
832528664
586991224
809404383
920123163
82150644
304481567
105454737
290364108
709746643
173433198
271228863
991446610
804891538
424408422
250500920
193599686
920613139
180099981
361830716
329385726
473893563
901370778
802498011
486225358
79126068
71519044
44275025
981801623
868129525
463970532
405231602
313699177
620968230
724128363
855326034
21117566
226972427
622487957
273879724
860532743
440470990
665002431
162697967
234786034
342064749
984010162
669851385
919869289
71433428
867374021
236491984
763788308
621829581
837778510
502645523
781386455
940929842
823747026
733725106
558699429
4483341
308984761
449253978
901506727
489714327
544894913
326852409
196281089
882913093
669860641
976065342
11049467
348521418
784564635
488406478
77555916
52646437
29815720
297238130
961864846
717469934
333482418
688487941
304160364
747635341
787131354
917423208
674722338
411521889
931494517
443797191
727233198
323336886
874993620
470811386
739161550
168984001
755519949
961111290
471853891
358888059
77162476
638495878
419177091
323567777
131441167
131136047
411233157
364312740
281765492
552056774
706705033
315064045
655774666
646657029
310922402
447154033
693644235
895720561
707839990
558786520
83850233
600195991
698288760
52303290
910347101
989240364
644977839
799027328
486196974
669661553
929554776
968635282
985704312
753743042
398665203
880627546
200397937
758020167
368269390
203379461
327650535
169680250
927985984
671252566
76908084
558800944
689733977
363940716
70801236
120073048
722722944
83826172
567676556
348124776
964675021
356328754
329071008
622754416
380995998
4622449
131965356
784079526
346874046
125665975
767960253
708343056
822247710
826396425
7239725
652176485
827491777
779513177
442889222
411296303
500795339
108281698
820949799
485773755
966794494
654819044
537030299
789227795
555526190
955610403
802261899
463855200
416907905
149001232
930002588
159908434
849777151
179977987
470616749
684539567
664664352
376211992
567622455
519619876
808791710
96367617
491793193
789904430
341117540
364664511
249729602
347456441
588941329
979731750
768813346
368978102
11784747
649532685
556712996
756627516
612084070
908226707
786012040
73143233
301694934
806662093
836798332
414861911
897669470
64136452
48673303
775590479
214404224
779104308
64694488
99905162
920076748
459364053
636149265
511065534
239585470
26819654
119538241
622131880
300214317
57824013
367517717
249355150
312257953
634532925
485582021
360143454
944448041
624500835
880530595
651845369
88967904
227129412
314849098
290289799
34143998
736542860
89885521
302303418
722266102
703256073
452096677
677811595
974152889
444351241
708160820
887249294
653530390
102401394
365134520
445712306
175265375
109862086
703110246
242807055
515619301
615756595
855397877
99213417
85098059
262583057
402024303
872307879
977199827
691144655
798221440
614458577
626011211
600170581
732960479
384808740
177750825
98998459
846818703
98427298
407173031
619356818
990692945
776847765
753734055
784665149
662171858
591380589
541091466
741386451
742413371
206330816
926842071
714960040
66569761
942036742
950849689
495973211
299903011
169958426
419668203
964603254
743181148
788268741
491959135
50370046
309023467
804339842
401147150
953466075
57011852
226798772
843436520
964760518
391463928
463929080
697461230
816177423
12297212
880130556
445320120
470481872
884913552
903074911
948555356
298375859
494915621
767245952
529077312
406920061
772609953
424178292
417671886
591123808
995070686
807621069
752964898
588064132
894605708
704602911
929314656
128076922
222931410
501997701
170274692
686061789
904814996
612143204
987419022
562947488
430191177
436258235
595889508
151637039
471333460
970774533
933667378
695356808
445645025
63639608
688044507
650856151
914094686
569353906
938930736
676883633
309568564
343100794
2840221
785695146
109032737
178764710
908385286
18030837
450324050
572008052
622289069
585725457
660627108
624686043
734364608
75157219
932763004
452466703
407334514
841150293
584955283
188857833
148514330
728847217
663185162
305295941
925620412
69780485
407694416
491072771
786484146
120551641
293432714
843702966
407127112
452239678
523187227
425465560
354387035
851815864
43583459
489104572
50405782
867018839
859786457
865981683
945370910
938305545
199936851
93466436
355677577
794362351
97238784
206479490
278943109
246075546
415683545
622454083
499898719
477064581
360744053
218280171
26506910
555833396
741228127
701402431
448853150
806719157
38421471
133367718
592478603
18641281
971745502
886741299
547148684
55293733
433594951
830534291
354662719
64098728
789438945
166733819
361078970
108637303
588528491
361486689
781052107
28070506
41200642
542848171
259053304
999139208
530783379
851296153
873875303
301292624
29696775
626102556
462468880
130959778
65087929
94479443
581537325
344829714
280956490
72470737
158815984
208409404
462621309
543323168
726016757
79851532
442101018
838384144
684781929
612169736
665332974
318648387
768814178
211514228
200402239
883076785
199170905
161203633
504551561
213735599
164854982
881452194
450722922
657376631
292037439
361321261
758456231
898710903
83328844
40054799
735118487
832288861
72688287
573413070
829025979
62721804
36302451
607357152
231652262
458902077
248852253
199580177
391931858
788004356
12495925
359730577
225466605
282586103
607332191
816097957
361278709
352386179
522222213
381766327
397664310
758498490
755672432
488914058
330691559
449212289
781231137
847545690
869440387
524209443
769355531
584795526
499017681
486668595
51645668
280306548
174668955
354493048
760847359
31110137
711470672
67184027
113195323
60023276
303555182
743942098
969419352
235909845
625407672
882608329
597604406
383254417
143229661
87224074
985712293
528727997
178523796
464776415
223783923
404313523
895863851
19916913
303641413
858167771
53602514
746794353
419585531
929022741
857704183
259794154
842375897
864640665
962316897
258239104
491353491
158503914
285552056
530273261
228733286
309848125
217667588
99902358
838330721
860034079
161340493
181443162
661097512
126011542
946118118
721427298
430725440
612377965
811789514
146788100
420292775
340539857
152352357
541477939
737650033
282444624
599682489
287946823
324525837
73588890
643530251
243072837
224288489
677258567
70658075
385426987
176936178
368448311
575454507
236383294
79406114
164615449
224953188
234558833
452578599
727689120
584781751
399114160
796112980
886662781
556694821
263638644
225407636
707351117
203157175
337133795
842035094
211905287
310250294
428177114
980470968
75029364
754614805
691215342
314896171
118285441
626724660
645252796
610839889
66037813
150861759
293070985
69822044
849149551
703896636
407349825
164103837
866251743
865347908
4930786
384190263
813712828
130931701
750027380
733073374
247726437
717573589
939057594
156155102
924413063
43327899
321933025
690350170
928511755
986970123
896138582
725019964
133229559
159083149
396881063
413425883
95759557
922394790
352248092
40241013
633846021
660331399
37124801
341360032
619358358
650187102
937453931
515101206
977484768
118553304
77840882
81559182
889072195
109935831
251961945
351089629
251040204
256791221
404272389
380947931
465995322
829453859
503922040
495454685
950801157
164954898
322360418
815498068
845740434
391696575
895047199
182201824
935980236
262493657
574641516
719525084
981556829
32569414
778800467
331500434
474695562
863254611
669276179
104201921
965048273
854659366
770162158
379533770
902953271
111975297
621511638
533997613
975050942
219103814
632620551
28841278
767164163
992522657
577868252
571252493
629651613
993566167
599523600
941181061
953213505
285871551
465568148
341921756
219068276
533031979
405332331
989403183
255942654
316735375
622383431
165802859
318527461
319580375
857362201
163285117
236147758
561017122
56801442
42459015
76120291
259740724
64546809
555421797
794921192
701358794
210124649
235741866
570406176
36782842
417645309
671931253
556926474
313577144
28349951
918672166
698755741
799301392
759628781
194924457
381093249
963266061
28130213
57226369
857560082
518279585
65779022
384555000
864874627
344173085
184608607
130344830
261035327
985085209
391110632
290053950
469325399
416107653
952495909
833612754
948575174
960826108
705850675
390347075
907042272
845594746
102120944
534962326
246115842
495930880
684081065
909825857
590654819
459427868
283388730
868650994
648505772
340202515
316489347
535917588
52582628
258212676
958252891
453549129
984491620
96647559
280363574
757772045
459249795
921648622
376478646
117944449
256898062
276509673
214876459
528387685
51915058
650206738
655750213
251736100
731400238
541980901
299497978
600889404
838089572
665401198
529312449
86248970
638733833
979460619
793800633
220207693
698480337
543835933
597621195
546815492
805336402
580307283
211929906
704133341
195158371
346509475
407676780
673688079
605904529
564260567
848998212
912567201
596231028
368906664
869501786
978262130
442568246
460646005
462830436
40716164
936094990
490042974
549449949
797834233
539109724
921156989
311343998
953365287
760707484
710194242
585990185
244319947
109898455
297032002
863178405
138220864
48342772
806402781
653265219
136703512
196585730
144358254
719487922
428803756
576240594
760211410
621248322
490873737
125517616
276913505
100687139
545729413
491943226
457982275
848419225
873141871
150571494
204077797
85876485
842527756
831191120
675553763
498410740
998804033
609618292
961804633
240374998
110088064
860355514
496264171
763877494
247682835
153286814
541141971
803464520
617759093
816638450
538637127
469030291
156045272
42258909
454612097
275857626
691876674
461288782
875280898
908380589
457032162
937415913
694192723
543418272
839970616
475371981
778909575
727033558
112739940
436284490
207942627
510112468
849217138
311163122
97205475
902183690
2807927
75559979
231335640
483325776
251860311
138468238
840729782
205537601
144775659
696026915
837316718
810747406
899880538
975696034
810361742
559924064
218025286
367500342
926076317
314754003
459370136
131105878
51546214
173012425
377947722
67452133
600392140
557365787
334921275
346504808
470591969
972641317
784057298
784360104
270036825
650869421
996922410
990583400
697479659
705268795
259933149
593416171
351295613
49315300
763618768
970229566
103593552
360925218
620367517
598890501
422697443
577958259
575615010
635778621
250401580
933582793
591344002
205598221
604491634
316301010
849253909
844339142
573822249
86694807
707984430
539295960
307366937
92757833
208523044
553602988
653631825
167312357
667258338
424635693
245001334
316144394
579763686
452980922
573450135
8346390
73397526
768006745
845506194
391320876
133523473
170346345
228736087
254650738
933848015
128380907
382021528
219272233
717137437
644468183
160208619
639009755
839614596
300041267
967787664
534640319
384956151
447325100
958401348
130919829
233428133
351202217
934181129
319790044
732890633
454752705
323173186
733714740
862434138
891345266
964941231
110896762
482728183
730411396
160692930
919023528
620624022
69866223
438544185
756949538
785887731
288499817
878035349
582494435
379416606
37151693
608733427
772412205
500531724
901875812
904994195
14957780
748554541
973817341
855722288
279080640
200970725
829882569
656001476
459013911
28845740
205126219
916955488
398346693
668746205
494303557
632196486
800682400
589706900
550573274
785374756
360879436
644999839
241141030
714907982
95570124
295539089
914477904
486509410
342690800
469819432
23037482
766394892
874439540
904136213
604394456
312180
959776541
471572308
851283365
960382681
994016933
388924706
746177804
875693720
804816606
285755242
892789195
939377439
1188925
284253627
873311429
734886737
255567066
40157199
671115769
656137860
898339945
947712917
706160404
268337614
91198279
25726979
834587120
565763461
458422487
175638778
153893809
489249204
580530301
4934235
514323371
246531500
738065796
936894010
135847522
163348628
95998883
593163735
370874175
216897602
109570515
864103360
769435856
437158406
746804130
207936546
365161229
686079747
706536319
788263511
374119800
119587148
747395206
201781758
366671533
835650537
421902837
769805938
722135308
581437630
682109211
646735531
126746310
126452002
554542568
306863763
451513526
293900653
353137431
756099592
228214509
154482336
540826310
448920032
578932583
933070439
798833211
745011963
782010186
661555093
278436866
925229835
601275496
107416734
122207256
658318084
793426187
74069134
351869838
673716695
847176812
564795873
931746983
481568599
124068895
434736843
516836395
358614429
245329925
494543953
286609101
214348265
483537047
160640712
585038316
358126474
768348576
789254390
625565739
173066897
165995086
802311067
838583861
202328750
451129867
71739168
919643689
61803916
906148870
587154672
911371268
123948069
54901854
591084368
474487410
328815948
932157176
669969817
845545883
408335693
856675895
13694959
354410154
644930062
682635327
936216399
698723298
838447892
644516405
642871450
122311456
104149040
888617084
343205574
435051749
923248076
81581536
946437465
164934250
834105568
717855296
519662934
293632619
358529925
523956542
284194450
977522901
686829646
154346344
56094039
829515669
375679976
66640936
310034630
484090722
2707110
387056345
470801310
341023031
725990120
463399664
214958064
345920391
931728117
814619413
497502011
506728991
818679109
945348416
968752110
239062562
423420983
480294850
984216568
256683779
545105913
767710383
815306502
741566382
942530575
135080598
958884998
210896877
417088135
987978331
961328526
125759905
676774495
173256286
466109086
688263154
49228069
461803741
591497124
196157891
815230063
375814799
710464546
171545569
787300326
283080686
933429244
88435276
16886204
970242302
135177694
900237131
361968451
289055035
805370738
785231425
293831780
526041618
890983103
511344884
548317588
239212686
731834409
390301106
418408001
558849940
145236999
624614115
141415676
895800486
712873542
283681897
539360084
885517028
435043007
405788207
555410954
257782159
361904034
485163868
116910382
156282647
91555229
489448362
687301242
98651432
11714439
771051222
958581690
564827676
173721028
353071406
678530967
361634540
129329466
15571915
234646391
794768943
695365483
81687874
670579521
600542658
945265952
981954227
415962834
993942565
737391826
183266844
894559412
927273057
325493541
802675552
331814092
252181189
557326361
856180036
23193160
379721105
704282298
517942749
182270689
543789145
425967764
548915984
92506785
172253105
280545461
774468432
378961460
257326630
207466714
235616226
980243507
834804924
298832010
13548259
123647172
654715120
74046488
107792220
215201772
613545104
587467953
827692825
249205
388419231
230406806
791500002
218805354
483090461
270718652
301025797
409136786
735147510
962406190
400153465
696747522
268897977
15504602
293154392
250850609
653705261
331975939
942823033
469154989
735227131
320966692
740820430
523283028
811789770
114535154
307258897
193283035
851489256
534168350
116797409
959628996
489472306
256189243
236212494
666724072
857282622
585948166
979102663
716046257
844287405
909805321
831948076
404167744
167129704
45217722
318427249
796077464
882438885
847104462
957061109
806467513
910473363
28964669
827354682
20169190
288909995
410693359
768978200
547073288
570389968
135792508
897268268
413993165
534788718
418279968
418467470
123480482
862650738
748759947
241586131
289027831
189857258
940749830
434119160
489302881
868221194
846632302
133760027
203214397
431013762
585403345
759931876
747994538
271328862
102523578
581201507
676419460
104594247
979717989
465176796
355533509
184208755
806723999
15508844
950881153
158513745
564258007
151904919
3112046
427753514
641708188
759176714
941141894
490522286
837540958
61200643
901980585
535712223
688397939
908277956
420495426
593802725
775050214
601477367
833507337
115522559
197545652
574519113
90535637
120696673
275509464
577243032
409629322
437143086
391505801
101667627
458329461
522163721
78023344
615392710
261736155
36960522
280661692
837196949
602533943
118850379
938682629
672740321
666940146
173621455
208878321
680101712
746303603
727458611
516084707
168023439
485956124
825377607
877390802
876203410
676081894
391420421
441134924
506780712
593564879
721782784
213101784
286110816
30938658
189898872
426503819
665290381
635546571
558762352
779752781
829288147
710848596
157642489
188811152
86026756
115330146
801156429
805474926
266598433
700544100
30455754
279953161
462988656
126548944
827385613
82622874
363384827
173991748
879343277
731596377
463998752
782130507
520055541
805815422
276878487
130031423
585921020
187752228
226792615
55891593
944772123
315859248
56615709
906107721
847603987
993393492
674770269
702232495
282307121
571157549
177760427
955143051
886287643
965717005
910761569
877317675
414353521
700692978
441532316
236211292
645496470
688476273
958895381
506293486
954499398
806813286
366487293
296990562
695603359
63681711
163364058
19352747
153228332
734995784
386786552
811509580
515020444
285202528
355405210
25401137
713264442
734010465
450232996
929510614
579217723
150582151
569044347
474732493
251487488
399407508
279151414
341088925
652438635
140303043
594957430
638007112
50455512
196050873
640267684
280759621
354692744
899483992
109692406
971273289
864671995
532986206
92088954
937443323
669632585
876819331
562916895
849302289
712710807
826949279
378679340
489196795
623611336
267645946
13410367
580402524
909083452
759815720
505249034
548668136
855673414
15550104
109283726
323663301
384446039
197904732
23035567
924516835
678856850
414589197
316085650
550517412
21560604
807192394
591638635
255692211
840896405
514868214
592774232
315580719
319994057
154229309
85466426
710305832
577732011
155098264
840777138
760276297
812133166
412264103
219356870
843129292
629691447
643440199
390239878
888346244
832086237
718912707
633622852
926678889
155384941
93236727
408187744
209192073
403922795
966551005
432527539
287403208
661816652
796722525
913683352
58597343
55068975
385527037
344007259
968178399
259739130
504085402
650040959
664049142
712740601
543744329
681544917
193924695
178031845
451721089
145390115
384769808
656230734
106736195
493924874
708333600
161061760
111855791
324961158
463943662
83216918
479895183
653080278
538075775
67032724
256028675
816549222
228537394
216811514
725115398
916572266
213587913
332921481
881150980
343890006
645901612
862830081
765247944
442422803
420494931
921652202
719144892
742501068
617486559
875050770
517382128
511710813
158685829
82517171
502178803
313724936
503286817
769719152
922190410
206665533
427747346
103312797
180553386
25519198
853904372
98370920
156668330
105746204
461963897
871872224
848743106
246904192
470619596
811891585
917090186
754656756
322804967
38759714
848863829
463844008
936803474
523444439
346024537
593907146
230028797
582245268
308953086
624893533
259225207
437034251
691016460
459112801
987665609
226752924
897501334
6968941
341295479
746186309
695190953
916455513
94125592
16955548
360242410
118555996
400429404
742723885
482877593
727175441
836678656
131652499
255553673
279166725
118318970
283836131
306719421
77317149
248470276
623496945
293589773
816259141
485777635
434683448
298710207
222197916
181598300
542662699
164163511
245353879
693695222
976468860
758670399
285530567
432050151
931677851
256565662
275114206
288011730
747953226
883152196
769187049
276361533
812030077
915719326
756482218
466809962
374442824
603022633
924452163
400102953
175241530
202257467
220529158
69926444
85901351
692941848
737182355
666265141
590779695
786735312
739016854
716820597
443467086
324895971
794216867
331298529
913884658
532730797
500114143
966157443
736739407
575193624
242950461
166609888
536656509
350371812
979718408
430077548
319845651
688736308
597987901
639553417
870821693
427775207
56850542
165844079
556181020
512024460
406875106
853226998
147084039
115056651
561638615
530789063
145345224
50076711
42264509
521311073
996424876
277768942
102127612
13845882
686714948
130694874
375986823
169016630
898075410
796016274
409847496
330746192
441536301
27648273
301923920
600440137
553183439
338227554
448608591
391889257
784050029
945946910
998994102
354177672
316763179
10589086
806426224
569310602
910129222
127120946
99354725
654212386
33377471
71156765
2553357
663279836
501583538
76707050
259231680
87886613
505813414
383882609
456868820
670784975
339833594
825653874
992696024
720283911
836252966
275097775
74832770
106248207
995460885
963115789
3417014
76518334
289688886
711043591
690214361
153570648
176093147
467307820
96703173
277966511
170152856
294509408
240533552
472653260
118020194
516519871
683404709
385542646
137080440
135935461
964261119
492915230
850364952
164884294
570730335
89907624
701737068
576685636
190799493
122081637
890262991
28727630
499260746
670898456
928090209
760790444
178154005
110681562
196979088
278981756
207128048
319466085
554422812
774160401
754312138
865336895
454543638
697977188
936663109
170470749
790946560
2606408
123162585
225287441
554861772
646305309
498962513
903246182
780802907
510958398
766302422
734972531
1491241
440776236
28123865
251787995
347435412
673743525
880261550
898785914
590948898
607674609
866456438
295814453
972262352
271266122
549922816
140030793
473109556
935109439
515541686
51796579
763484094
27137599
680464164
64657404
197496762
583928639
42134048
858237840
880190697
904233636
822443010
466113643
353690727
874061259
294231787
48404321
899902141
279591339
978511098
623614959
587634586
508430193
390378953
83011643
27550968
647407878
295675061
141413922
844349352
146901146
695060191
249122007
257062510
944315781
956248597
888100926
659273481
565808259
347876264
830951207
755932915
253745727
407751020
856413962
203324088
456766605
789138483
33349763
690907094
452001765
331229122
873948720
517451453
750049372
145016586
220299954
613152295
355964186
93494452
762485943
644664143
455192950
68451467
454893859
689872218
119001980
390353804
840638106
709369422
314172169
186213684
877060477
968719115
11915068
467564183
859978030
772489431
603028035
329145297
984500994
927748872
281316915
741029354
827973116
837651810
178795176
882680145
320594354
984350234
910567341
486946870
376485113
216767743
409677523
121415766
465798505
44400234
959322924
600566587
386657156
432454841
161072372
250913668
854596872
609448096
596576677
27712630
824815532
896993632
540806139
681638262
945278950
170901646
987599881
446666835
205178363
121911951
759328292
408272739
453064978
599247763
440151421
688170503
228544796
442163482
678549255
180051185
646898218
684616652
641423710
350729455
454531246
664027477
171908204
462300101
329547855
136515968
597985900
381485493
468058634
15703310
28882591
935291952
81395862
427735302
96439980
716667005
732059000
316541966
832395489
474030094
932879179
82504715
679660239
939676203
233762336
286680344
680045871
981026189
161590182
234212813
521293598
818027322
854641466
953144932
637817297
966957874
331329692
743201328
766789663
843158590
194330481
879758251
29810920
73435404
492858388
660014470
295364986
591099673
349142096
584513039
583990989
775927327
672433316
287556375
352265733
543813776
258826327
264567639
429183080
188432475
827947290
497960643
153735893
213173585
808191508
630801861
777423519
711033558
566345974
627100212
116483990
45243270
649519649
920093929
122990327
281161655
782258376
719509106
779599992
270529415
783658838
697691498
850970463
577883662
489238960
172486981
175267707
513156973
984945873
681369634
26162390
69874389
229625118
702355281
267360481
978524134
71961764
430371968
139013068
859474971
534128663
485887731
89248481
703300159
838047798
190260324
469028683
222748601
601166026
888069022
426075192
914623001
143304692
275626464
296789824
533063981
116224965
324180420
710054538
159065239
495890486
807725474
599370128
330821774
877836278
506621387
246079668
766588238
276406886
605763101
809013270
42306414
456937142
842035620
807679217
876856976
757418569
548752951
69515045
679057378
945093435
189322341
756931379
947430835
700037839
706156799
241820729
498242592
729781795
937304984
884503420
326190477
576522969
557540579
519026763
896775213
993299472
593463710
370640166
833368209
825492579
821059231
405442267
220142478
78060178
237116518
187399325
801961291
528387774
356872035
359220818
141702829
744705788
708239933
878870851
265368454
744602417
785394523
367410426
513367434
223627313
200662926
677901864
520711881
53188211
54855560
360165600
747870539
411824199
51463606
612757581
292950277
847210811
74887669
967756750
871539479
832620808
970441992
872101529
79209628
296603271
363644359
194847904
992358956
88701457
970241449
24865721
800787902
555942852
270610560
54394923
988457378
509481161
735278992
976118626
793956427
401710496
331397396
919989242
447445179
82314777
490730137
785078124
338312603
863287091
162952048
843934037
351553681
32010126
50848595
314584232
526484995
327445366
160788923
989063086
461263751
252478549
494450384
713562574
92790010
559759973
234620703
170491571
339398623
321401683
1935277
477501731
101458836
307999622
94777036
477557579
39740297
617006208
453020878
100636574
588958919
380180701
142616824
852219280
108896068
475035950
624900899
189611097
264181635
848128439
215252956
629484250
512538599
78636268
483354020
540815023
118696770
941122810
586931688
710221321
776908874
439992097
920406461
210659585
971618423
29686427
207802558
798878910
13003649
914188189
672484147
602822248
769238424
276236328
427836736
936132092
97037018
480842927
855768875
139359224
278770199
141527518
727593057
779410432
222652138
983563775
28125021
319226996
585459908
800729966
997748790
912345437
359950408
420683723
293084154
576779555
18069456
944622613
576577883
26947851
906531433
987884040
526675452
722273188
696024404
319307705
876755718
887686565
304656431
561961694
920104045
792016187
848201243
257371664
445099819
618765152
939748977
766472986
668216742
592935418
941447823
657413274
589141141
480689723
870359012
429147821
565218476
188696956
886466087
521379500
922618004
623068536
205294579
184992389
752487894
512550098
764459511
476944091
142192273
678842026
962968406
141976007
822973150
924304316
526340294
597843447
462591647
248304765
87733311
840615665
957171624
363356750
580540334
872928619
618967760
229951034
869372989
808024605
67782546
503149543
995183268
675183057
980041336
125846597
212846767
972015092
254328917
718832517
125452823
517547049
921173889
889630874
214994140
459760239
338426558
158024415
369586675
581576883
521074148
473288548
535484614
678176674
715653033
229720020
143296089
744550978
887660707
774232391
643313816
251355483
155554558
283149629
519161825
981344447
956192515
53105045
45670663
398262342
980594809
626939685
805105514
240557302
466240018
243021096
522273131
566715086
575188029
952546790
985950846
954445347
929401209
923374531
595130608
565364950
194236589
751553701
56985471
211814228
738194402
11548036
437620589
562843566
830547687
290823526
508329550
58644917
512126943
562725608
903402015
692986412
38301017
790703519
474771802
345061966
485734727
825417601
779557644
25921498
44162414
351505991
662900220
216797162
85806280
52762792
976421081
572670327
599919387
346771993
766591858
262712252
885193435
770503243
715468056
162393941
959303631
235180565
626804822
542996324
659882264
138335243
712477551
409183016
612786670
662454794
768829323
336401923
559621105
867101063
477685384
822210808
733900975
598747321
457973227
774813117
45636063
852511120
586942333
467661650
715574354
274042142
705626046
92102451
24611497
946537810
143654546
670980645
127511515
768162682
64915897
654526086
807428707
221101872
494741134
365122817
574117179
559984939
534826363
761043116
648503198
509226624
391452543
677736464
216488471
459096968
786850307
639735943
571562089
501607124
301059021
423860277
146323503
951113194
643771389
445831022
443712421
176716723
113041001
452124389
168095788
491000874
971186591
838435163
314277755
475369037
156899860
598126927
933154900
140350867
104237292
751224852
800470515
835766729
522586438
116306581
363950259
107311130
733360123
2511990
972911134
281219899
981602903
354397308
237817877
510955523
269365914
267939085
355714249
429309840
290952501
483759585
516998142
148977539
563514637
403295687
209586020
975071450
412057079
827088628
107582220
727086431
442061058
549309579
254496256
688489645
925090583
823987119
36381590
179849467
581618559
601277056
517834434
912157834
62607384
277984970
258741857
485063139
477387489
127354527
53595028
873663328
713475261
389701519
465370427
699560640
35431328
311999024
816061288
288373043
795557757
974555020
136901318
271016208
264490517
654749108
126721785
765276575
635309571
310000549
919421054
480062835
277873307
15055857
438882309
844957531
81391985
807298543
844975502
982763118
844424835
282678507
564454047
531016399
781611051
439196820
377701880
894683391
349936267
805820869
474855293
731117253
966836945
452418643
12337632
118752376
202790162
216160652
4693545
943172061
188959988
695208744
47888111
167831289
948362351
599738738
512417382
269615830
331665733
594984909
859463226
831617996
275689314
725574611
557132326
367225315
668087138
928905591
953058902
628025492
501558766
506542047
323785349
500642547
395658500
662555241
475466646
349512875
185381729
617912817
741295352
377786945
266866494
552244999
713102245
980507441
404472930
179837496
533298802
30195383
990722004
407683461
160130740
22429191
858625826
60572239
791742583
74371213
666296176
798285290
536737141
957133449
938802773
627120082
850496380
61256229
298358242
714002910
361222613
631502368
372277216
800449361
66579145
113439407
179013444
858803884
348154250
801420238
495491128
136262507
221757432
39687675
553678148
222446272
325274450
340771757
675831978
561249323
791574214
33065697
937908726
62166708
55706189
669115557
897735212
970239172
499040655
45223821
976442017
341752845
468749070
869932061
634111824
363287515
115009519
300525263
663579551
285418325
991973738
618145724
387343070
464069797
849877763
306786946
439822971
920938117
453475227
170260119
963753800
929302563
632193517
484861433
500349883
51338428
338380370
413233332
660813402
602732864
151109054
340281865
463297623
809379369
851927942
619088530
166218700
292349895
490419571
519226431
752577819
710056132
430550356
534987160
987922427
411273578
875235475
562132594
235878077
291390603
319657197
145299282
152416893
663089469
996135698
155348690
888670260
553398429
215469212
777438300
406694964
165689595
758810087
114321621
655412015
483080804
705347594
805101623
789917953
378279989
269330061
669301562
338280010
959304425
465772520
824943166
347211108
564174580
992322596
796411585
825711123
740461414
314371217
625183780
187704331
675929072
873517837
445961970
358484353
351258342
352281360
483667846
83140361
749906302
972622047
260136915
808072541
673996872
789051148
442837663
723985880
110611438
310934359
296804399
427739751
971950441
518853523
481394283
426282890
54032734
612229383
447537715
586296018
997957949
185083649
599720027
41125596
773705884
308386355
829019802
579281096
603921253
681797125
508984758
703805328
192620163
219258289
513025169
129839741
253828022
459006126
32174053
348201258
980571172
958728413
555939709
422032422
696239676
804150303
629265096
856008924
44516858
111940538
621422852
544123167
366942112
388272731
24002120
614769449
435913584
776594169
675412070
178296945
541623290
524053210
12076801
215759905
897184058
195614146
411455873
526005749
641871136
546252210
462425685
244762786
935849959
672028222
972149295
695904757
294919919
855845836
404452557
194579451
344242486
76984267
415344724
311853126
226928908
889509792
392310019
852447606
297873602
409145185
714153125
711549941
546888295
999706633
457589134
568820742
306530109
530028442
373461305
515117650
354398131
723730236
980524576
849366165
515943933
705524083
689370875
117536718
22188505
629834097
724589915
43972872
187157709
834345297
768878006
988521855
740774688
224004594
871664178
751008679
117738762
809943115
783843166
547865078
773554296
673727646
279153769
482657887
565120297
941318028
301144172
509135583
36597462
234663472
876247324
542964509
869795016
101317186
70177659
745909347
169804871
667381993
557027200
217871678
345766998
993561386
105200080
434687627
397139975
350315510
319184394
483371469
329652194
712874884
583127282
920324726
800299518
539265189
611051616
139042381
241288206
938185520
861827220
587670321
370148334
213208908
30529007
175244038
612668508
848229273
190747270
516718707
36830843
189525302
163688977
489432205
132113297
882310996
986280846
910898734
700703223
646609360
71376467
696480727
948736575
525967108
298449583
59527936
802410090
880803739
57644690
593518465
160113928
509703575
212997557
378430498
843175963
158494250
726803994
719125832
865562746
355903649
75670966
232972183
669283620
297717426
458324098
263199735
866076916
101970690
553308599
365272519
142749018
210995000
704137136
839857427
890693463
790209601
77213882
250332042
29946312
928321621
886308491
656605691
265759946
744671149
811982822
108238593
964737186
596245726
829607116
569904996
627712472
830899848
748536152
708691253
566942950
829294750
156027641
275056630
965193
130379184
321479542
810079308
264665831
840179775
600582669
648664169
331149506
198632083
610917770
909404380
672761847
101696796
972186587
288245601
390879693
155957758
78996623
778424907
760213868
646355693
787183477
914175181
155230337
331641568
29809853
551663680
503286127
448128008
75238161
496593806
668457170
471963398
690072543
567117284
5715450
12654176
136038501
314921999
815631852
984637308
606748898
595561591
719758022
274734836
58013863
656078896
54047238
167541033
676372803
315197882
988533538
171276493
572576900
652258940
56460517
991298378
874988985
772809800
128060658
599084480
3119103
840220085
209539883
401266310
421630009
603622946
986421202
879100589
999773644
894624086
785018355
402039991
178751720
31599843
514898512
487745246
458176016
127095284
127916047
573271047
290707949
977186398
875312231
686628266
118028699
293577812
886260535
830806655
357840172
834529454
347161770
187514727
303253475
459167793
536707655
914582670
344698334
73566106
622977234
304975473
852063955
500376561
377123112
511670997
57448873
776680525
508927965
122108427
552584956
95469256
506790214
849128630
383829426
802556729
751138618
7848939
241451997
179027583
802696302
417832366
11286829
337641973
613428903
23150733
997493155
229528079
20808068
24829080
977161145
605644985
194500017
225927852
768160870
642592733
165582891
540940531
448182591
375143940
226299839
512088258
552129515
100228091
991419739
881567792
874156264
590113261
267737598
276871307
927189203
141201302
262104471
850789990
732538516
510228966
198949618
169317245
914873351
32259558
222419089
635212029
656080551
793880995
721055096
602327402
981205033
85838337
746675080
695458763
812190146
782554088
239381985
476850711
676062555
603260359
929026494
401617043
665726575
284454215
372612121
278116074
57041785
395807415
570520717
132199354
160566437
942688275
680224425
193952224
744856674
271558215
597715132
236187758
738010533
161665774
660085400
292117326
631523214
723671916
50196945
110508676
467658083
720766126
997130247
759629949
858280834
920222751
479517786
899550944
214914484
348082502
466270785
170266627
494906106
679672629
114878002
144673568
883261679
379979616
142289070
998447578
131014824
750236794
913444954
906037470
590627103
720679024
19364836
464031505
234798178
272046294
358186250
908774155
893682135
771548796
905301814
816996305
916371015
860450487
115944856
637498283
583220493
559329904
656793719
711819607
598909482
132193755
371781054
593509577
840998042
137950484
888862126
837842049
336299385
241189893
385624275
567953790
360931678
346550060
910971762
291651740
48111748
136213043
45452311
374667123
942575758
892114381
920667380
76728655
712865587
153001961
81684857
527385090
834356605
70695304
471873212
610029970
750529912
8445548
336103791
811657673
153381078
576287416
406305525
189701043
626989471
23852204
562791392
166759788
752012943
609742879
213048669
114318859
772159952
59095505
518084834
434514264
398722390
683013207
103149134
6210752
198132684
431969600
391295058
908646486
12639220
402553201
55247679
657152777
392279931
7562931
910625824
456914120
405588052
886739047
499387476
231606013
210361693
106795688
516893282
177862323
952477210
858438763
826063818
480877788
544809047
183927209
981001460
308775991
614410469
46579916
843413746
410543264
212145534
300001159
805448335
23612806
164630971
327489415
581500770
590287866
24815877
515549692
176804158
950695610
82343391
676567041
571679486
569047513
648396683
238138247
761426908
323438389
105359942
318563462
194549962
311764891
264128805
452895336
370422480
747156427
524597297
989508107
763986761
429410688
153924321
963784429
474578120
291382962
875748543
659542345
324328279
28851242
621947385
682341827
143710902
907722309
116610614
236931057
906007008
250194301
281312162
907928556
977150887
954756982
566813945
639535593
87210204
539433720
268865988
889275769
210094608
599966017
418256129
556044502
78301629
658482638
547948274
486049079
947991352
51759773
799526459
231518800
409090838
776300039
887364920
89651938
177873046
900921008
826919153
794800104
876528712
159531029
221157105
976814613
275380426
202472143
20970999
731120663
466778642
861890835
214645459
55344634
548222393
491614918
488132433
934192062
373774549
587645375
710752545
669031725
195608223
400891357
619003553
117406611
231104267
515218022
539908630
898603687
432021372
92191565
783213087
603099577
107827452
489457548
631805401
397392159
244305511
938816845
550583840
384534694
112445387
160484804
334922253
821916340
897253529
607177386
794170525
459189199
104537742
949552112
46430669
512277467
948954948
406448021
71161548
965564469
172177979
90127693
557531887
254170697
22580931
465633221
269758921
678238607
971058077
159392118
80931770
333562938
47982994
511670091
269202595
27159974
327118503
664002643
990515009
734722304
719109736
419043
222235874
131833028
588011473
29230666
841841124
867887782
629622824
173513817
685144920
675315630
713309752
618858012
234903038
805313632
64775167
408530046
390706493
952227644
6904230
742987767
406760513
844729494
454656614
613675669
968112651
506253865
622284621
818775290
333031431
706295808
73604244
648983911
426655142
106175604
234080746
281424220
885572587
256654789
181016274
231129144
563251611
239452616
634480115
150326535
854221589
720703850
993694905
801196741
71143666
454675835
212677075
120291093
79500414
638162967
13827004
383173832
732179858
872242853
472474523
778293551
729359447
426021054
751049800
427907272
336936886
184092013
56123226
810374644
686962762
60745505
668120092
580360119
588999181
577511396
614266030
873219590
177057414
99369764
951013644
239011001
563797863
513008303
409182376
663591859
558552977
265791108
790876850
242632058
591097828
23119188
194180209
185693911
265534589
105727664
597195396
147777156
340335002
331033130
100666669
819190934
769687085
651262432
206863346
717396165
136710361
5685876
600228834
140337727
373008731
466257933
376626406
160142504
229720229
748454402
36454746
405589318
853511223
839220850
266854732
161853892
19342082
119616408
344600261
499168867
543968808
521574775
797828464
545198197
510165339
41886877
61490207
546542883
942968812
899935146
499661516
857052789
740758034
205581565
881650466
615740802
217829990
612107912
280923354
820931804
636797844
149937418
445970066
58393092
321994182
54743169
775876891
872366374
24036610
202584389
497834959
276140849
299572545
224396592
367737750
809796855
760602785
804162342
585218971
772594057
376607988
904386101
507589192
884465610
85891494
153260595
667868007
958894531
462251673
667057251
362036971
562332166
831138836
440737127
908294678
825527825
186357679
923236765
950684610
402930214
270799031
328185542
205769472
174125541
902477239
322683930
646396966
705410619
684863235
58002131
104171189
556839606
342404915
557954327
866158854
912872066
317496913
320218007
751189306
185466188
637659525
669414780
532679739
225741686
255309498
84686597
469604697
616249165
767118293
468580609
446706367
38704467
361469401
712596535
557470714
563649250
91758811
940178299
755026346
51540852
431564535
752181053
463067627
477716751
786452304
409480015
891751863
363561495
282323243
701746890
367298599
545571689
488970143
149961236
64308067
483621
602638089
540529641
560429752
577388418
185382232
770570145
646982542
58506943
836196838
444336892
745567739
250585974
815080949
47902022
117538030
907636033
269532759
517836017
348433500
187173954
874793683
516585059
701953958
675238164
407925581
971818877
569391360
70658602
436354673
743315230
883093898
100497190
927026636
286038646
298199763
457506831
951414281
743977626
844052557
676993874
566177979
694977341
684166173
758243296
144669836
324254273
904157690
568797962
181701344
555215739
599387941
244383018
359614576
921088449
662204126
768851980
65917227
846938527
304849176
313251850
299972895
272516500
70404930
298169128
337517177
669901492
838935905
944343984
807786873
47242301
69558086
213152027
505602495
638829544
170715908
747561295
51986807
987813673
617152697
885860654
375800899
171869701
924617561
833357028
764153472
35364413
371928897
637153072
909020529
207542050
643719676
127934315
327240161
213230771
146232484
977630534
228785533
95827720
24983889
371734002
325469296
885094934
256372287
464712931
488463324
651013122
664314780
634898186
532941342
725387423
131505050
396179001
320263885
649889504
787327013
237590793
14663006
560624910
436954896
420839254
367794090
958785002
756418790
196824311
378536230
410650255
551574023
720371448
606293465
685666543
867084304
901685805
578287612
779050528
74512902
891200744
483412161
137253893
90644530
837542496
182466380
875236354
743360387
871925597
75590730
384930291
177842810
36213355
223740533
562712270
27424777
27416033
654403029
594700994
985643468
26690432
437598106
431925302
89167258
738628103
28550659
263406611
237104761
445624698
711994701
502211356
473358849
812345090
347500055
911182146
162106843
505681977
563705527
441942438
690581458
625299365
757593997
573950116
117502997
328980523
678525492
805362709
405876200
484348125
862263448
147245855
451299588
19251479
257579595
668913093
163191460
198484599
928854806
686418441
517030070
791906466
232108930
986406166
795830987
655888746
858261101
280715258
874334872
906592789
201670805
511537235
685063653
849861675
408743116
170146332
826951145
683730421
681564686
157669242
735783394
546494334
952765453
423214006
915219498
413600099
327013042
677494882
125335959
962784697
940660164
110002005
217420780
90004879
22768096
604785304
232774130
8184587
61408308
193574004
604910996
559748218
942999935
167200853
690383887
170816331
374328847
200710794
174708045
953116461
610253428
957244403
740904085
373885416
494243868
308910226
387320223
450552647
694997887
114602840
45236489
232226761
168348041
429786330
140462143
614444721
717691183
689782421
184607564
48341008
246331293
741634435
318732725
368683075
779182040
740049126
733813914
723449567
421103100
678526117
659244612
419986588
912079964
567684643
436470309
961260136
995053135
378880509
677389596
152297509
434149251
964950913
557689276
30294999
536575293
385459188
373635965
992506489
487543910
619268831
971992599
179322944
372606982
87361601
589835002
152783831
473964431
198694040
119470721
237891282
385053897
168056791
391398289
393147428
201150299
26997828
973906643
194265815
562513911
358449516
908848366
216741869
403544626
927532266
587268299
838225513
448941192
954794701
431318922
353230263
228444803
686689768
465451170
10623091
264997886
803460633
222247533
798901829
198552767
217614522
107803175
829535016
820354632
913441128
546083426
364547008
599947360
882499189
865412845
710453231
652953279
339379514
712158915
377305301
611471501
504668851
606874104
847043914
296794557
939977346
461491646
677630903
691256068
977779482
288390179
640370358
145312156
664352688
31736936
519413442
720569500
852755028
953461455
99054458
300423678
531002987
233624459
970782224
769545271
86234294
800782732
629664129
818863873
582136964
44600023
983023575
739787633
812954256
499113291
538167689
568159413
748755181
937512335
561856057
914380047
101708848
589387490
737032974
514388638
135334727
183569152
773300945
54837081
714522769
998505658
36276663
954438874
438026725
694935643
547175508
773546495
352151959
123079857
615747186
218151943
118615650
393568370
622554193
248902295
456115005
289788218
97160193
915366248
716407445
35998417
826302310
997372809
162397388
670973150
377237849
396993493
20945669
647815235
295750371
652401491
520397254
867453496
421690873
619978928
609188830
97559722
167112434
284134707
902149962
338584022
979596354
777946456
174067233
945233541
430356156
510990769
709819154
879075334
995755253
105591869
749560072
135624014
854633279
967207691
206933081
498505369
58629351
913830831
341429467
123664015
456933302
643607921
374701201
433855558
550688444
926977994
763717020
855666420
259414758
704269476
806620288
633482914
712890769
122335224
901592659
876829626
468525417
313042718
176609161
792253844
118977965
368464266
932567334
661922509
833197274
197963330
377090440
95665299
363693214
356473740
617765744
56614841
679921266
136094267
776480187
732256290
914505208
405063842
365628336
680672883
954542275
294239481
275287743
941071658
827216743
469333101
9902376
766354839
340526744
609392135
93701622
598256111
792511327
854806169
287813766
549794672
968196540
414130447
122946658
643285187
438537563
720047287
773860419
65377998
564952608
643981526
709911870
558678917
308206659
811930308
69129441
934101016
930772242
509591315
819312496
806921402
1865795
446551956
474122161
238905301
481810129
233205380
22845787
323582820
297256585
941984987
637123392
420111113
516597390
655190339
211265066
314534710
728985501
900034389
921923434
698926575
589436149
954797443
957012850
37299510
100824923
342923047
273866033
726640042
11028223
251715951
237616993
323019036
833064732
701248990
137875786
501786394
415720101
877582155
845608756
772980712
3975171
493310841
236768234
575859441
339856490
79207829
658196962
592724469
551967601
218259050
959689555
67659047
664900679
48015820
381978300
97556716
870861468
64740861
9325173
74944208
522855385
412727929
807490512
476118212
337036341
7985143
551889093
277664334
264279330
76064063
326098558
263647748
230904112
987308084
116948395
696813613
261122702
860314010
264981671
340541014
565494601
308887010
640835024
717708856
439758966
442644595
618650284
814391288
359445043
598028650
134790595
462651950
431627596
752569374
294511700
315015288
309863606
376994706
65537232
402792795
528219655
786388330
351876876
24267772
955675790
956713542
810730794
621188113
287067785
118514007
318605909
368719523
16057652
732434582
732162547
449501309
925805961
59434633
100422873
915957142
445607455
880747823
392786502
341579166
655232106
964123325
14663971
599862654
840999362
257528525
93574983
280054655
183666267
343203188
403476873
160330258
610598251
895404909
770604308
768751509
527313870
842902182
505514937
614341584
482096182
493839198
382399213
105965231
160582729
497544201
859062396
204047240
364997766
866165108
28409722
205977659
158280951
949737430
258090187
973804256
280889998
67726910
291600541
262545717
403931887
756291758
399252044
159064270
969923964
58799065
558125915
907480090
758456298
902967389
257004394
266473282
203079754
730618992
909694916
421080954
573225569
62615264
100324346
788985860
234621925
705607443
433460640
960944324
428729545
115938559
205419222
520212956
262603195
290378184
575606198
87851331
998266775
118221562
670979393
915047484
152627668
622850440
809093844
898131011
128938674
287252937
759275233
240185024
859530014
846724699
896590914
381594124
925361587
222993141
968769664
594305878
92717279
982871928
272875443
278446288
562569747
91657322
430242140
471120675
902380202
170841337
776454315
63428793
444438130
557963596
459987926
759959455
916432894
133439278
925718457
92527194
487962353
150876395
156088189
144874564
357220149
848278486
743884307
547738481
991767133
77349423
353799614
66825982
827329205
158901680
197900163
342879812
527776793
631624005
739624721
657359639
341667886
36185135
255443840
148954150
819519548
363831409
523027858
414472114
228861900
366561558
239052225
947874157
709534046
336117410
822023928
560747825
253539925
347718417
375593694
333887188
77089635
818784079
336973689
204467706
136310997
124210850
52032402
313124049
405389387
468565154
455256751
972432697
552785528
731331048
232500783
607030951
807744337
320640155
457089184
506080872
20598698
342343063
439764775
665528224
258816914
834242135
312231016
618812998
965188579
123000001
906915944
866289977
504898525
203005988
596970996
463924724
639359861
29825826
920384623
978181044
236169034
437320132
604811098
465030030
215485964
607825069
753557664
504626461
698655353
836285848
59395726
360297827
19093073
595383568
801161256
77068506
53522568
462945148
597629855
375602110
511603435
791613207
377040500
539411892
452265601
982455541
983502885
429606481
180757805
870208302
964667717
293534357
555570539
261093158
998587
503838030
617986832
780183185
741066281
717791596
202208996
571824740
677018846
55030705
750233226
310615165
829701262
241292796
723015148
222942429
926282068
304496708
236959768
598784270
38563124
268673753
756379018
219729566
862038087
79833908
130991157
619873654
566386525
69192488
694234787
123349916
640299794
661448563
157216969
710290629
46558927
815698778
218332330
287108636
5737626
559303197
572757648
632007128
709883780
206219345
40906775
164668121
535826936
359111979
403366896
67028053
6909667
133541273
284562741
448373054
178457273
26221478
738522096
306134592
607159211
319372939
751436349
10558711
832950766
79559105
389627270
875294446
396405183
284779352
719910175
905433706
420502613
958797437
230624401
872327124
125914113
402682328
792754172
551571429
650962931
818830643
31521681
550979356
358410821
393120358
434597931
53587170
24698703
240824905
336432612
599541315
86510298
990663543
447128932
53044481
626500094
579476478
364053424
226029476
273513633
580675594
55207582
482300317
33542857
712953868
450857212
515148900
700654481
813835785
886914053
989615396
510748348
162963515
721312927
124753682
821180481
60071220
215427569
449213595
449048309
977164632
12696453
34279101
43292026
14172800
289492988
382986558
403562565
361771158
723758093
310782097
191549072
754327964
732047197
46072934
279617800
332075585
206242649
503389118
65380794
725526907
280951926
348514468
801643193
127182132
450445570
948162378
37425661
494588578
628481661
524223137
849730056
218058745
778561976
315218587
272307676
257495845
533130802
992709100
670630154
459948650
911512070
229431730
608406416
761150883
407918642
340641409
103691968
357777499
439438512
469530638
604418268
254860540
13700104
984632334
348243616
396932836
898402739
836061348
985706197
894724652
898007423
492132873
341355489
348192037
744224705
109495225
192638686
816410572
870715918
929820607
58100734
672827967
707503715
821503642
978851693
24710462
704489228
750148257
517065430
113388474
291789130
362197699
413383968
770263583
111692878
168231383
869596167
408442369
139267561
97728925
515623312
987609430
129865957
973763775
659122277
304521643
523823108
763396525
937067463
68846705
652958484
297171432
614353760
487175895
547921696
872035458
976738291
310621029
832154167
793809608
650172106
963169800
849297021
62515596
25178709
669988880
420160580
68094531
137348422
229369727
929698750
746115568
183540993
213674365
242188645
852418695
602305926
231204833
54718245
95839821
282046715
83833242
189807585
212704704
184347050
880599213
573691259
909107477
974060945
437396904
836005600
860340388
91646641
429025267
407159599
792109586
520590282
690882192
85143412
643335990
102430047
338887678
138907256
384503777
785503858
763149376
68730712
347900514
174690787
943087663
773785349
696448758
429583327
13112711
254270806
811921414
649067677
687405394
455246769
428034281
350964148
872774780
11277449
714950823
263638533
565242542
847979912
487927132
519664304
84947065
463103325
470664710
427893632
603893516
129840106
27128128
961683561
754795421
443509820
895013172
598514512
271899323
146265002
724093623
589714027
409649055
489601960
919590105
987755703
892021789
24303324
184184673
853166571
678883436
806488297
487494811
571460124
260592986
711473133
38384533
756425241
206723107
602103814
964769763
491631531
74305894
789800747
640657095
365084990
813369920
511593367
484517604
342225040
529778878
337497117
131288161
574331618
570801154
379783095
438043242
242938206
138392366
441546638
37610418
289194872
653556321
370463763
391208108
8296585
637055899
702904811
431620787
151198584
657293443
75620956
906157478
667283661
192981128
10250969
582556303
605482587
971318596
909262483
119526611
111695931
342548405
191495460
728267663
14609522
355398610
16544788
530064754
535589158
716870938
217490446
40998406
267777750
391450726
619566296
58757092
199789724
802028120
933358986
171194876
900558832
5933413
28294731
386959274
62887800
435901391
336669887
675814909
394807561
320017440
229961363
724737390
892984449
442504232
584739730
590551496
942234097
690381110
694622353
299389971
728397657
197475256
464997983
18898204
78188691
99574689
784347808
235599716
706731561
134095649
555564925
980710725
617588066
408290690
986528668
619392298
173054825
322387522
345173537
727300632
908749213
361062574
371693331
987064036
8553672
252659300
585782782
232307735
531096919
835409066
727184965
488422966
894823202
414222089
908313061
335583241
526791716
577528844
211058905
698489503
951953952
393480960
452450327
823791291
34613204
434539387
841402406
750549011
626305623
343233037
939022836
827344778
994539063
926672514
67206365
292091753
587514204
801568254
934891279
751030941
738470516
994933792
909317234
974417656
170683600
354219773
400167560
537129415
498150092
791384132
242773190
625736881
842332258
629619554
67320159
54396976
432541008
154532222
124582670
297474490
842376266
698667489
332203302
402933386
789052810
325174076
953346255
15977576
488488910
654357294
256241015
644815215
994580307
702665075
350233267
38301518
128507105
113405204
863547610
127279772
844160629
76532261
15734553
202278015
61247513
192766
227708570
121389447
861050984
590960900
903494006
31800032
682546567
277886344
192030212
853628243
612882714
966245517
245327017
807749839
897990972
92258404
821192644
344931430
355889137
818892618
496404777
701029282
53635913
367628623
296607835
348660984
539794834
162742594
411355245
710399090
260742734
650830134
505188784
213064228
273350406
583921902
934094780
147435965
378900233
31185880
562509163
714346952
505860955
74247070
416419190
613410129
705961836
221692326
253236946
706294090
2025447
100930843
739799753
420671402
647989506
362213448
659165662
899726352
905285758
477500439
864641278
468782522
770928282
42651472
225060622
482187718
332068440
122536147
281391110
475780719
94591075
44334361
628717563
396224694
502614837
124901860
584164069
273409530
364405091
87823376
599542805
594021674
555901600
723008258
413946474
943256503
505685686
153157760
67732904
426965142
47806977
533923693
356144394
379370356
593427541
678718225
494755722
104667573
598620314
310887495
283964834
228438711
232230928
673342096
772974130
527854029
959306034
109428791
615470367
727484943
202380721
613103661
382225133
10502884
259188501
863592194
519916706
82627062
153692449
939573028
348852815
519261723
597937924
303075198
887828282
846567446
758451841
786437307
564508499
44678959
958967141
610864202
525820489
790244444
426242854
890704567
387981046
169643533
766153686
801948902
68573223
325575189
319592989
937804310
159821257
367552084
790668709
633250251
646294891
335441037
176309142
203790851
673054625
617799732
966551039
826579029
806835361
217833121
411279190
309278421
362803042
541536933
18538761
170087286
997407863
514207252
118466780
712193248
486943985
612743227
942351828
107530918
907435114
715230809
237425411
220138420
657387359
908396847
667999469
844656297
922832159
710186799
518689165
635104156
234739635
376629664
491550804
38014800
19501846
908776705
625271429
507263201
864372047
224380568
974135202
991585616
881126484
854086685
800780972
486466036
675723011
354261517
68643766
54157463
73123853
393080021
133329215
106539387
227594568
310009087
128129969
410990488
312292452
352819948
233948096
620460457
956930404
314139042
279617251
118329731
277837676
276229652
879450845
189636112
495542084
5206079
412877053
514414276
541616173
19539273
943457031
778753357
967085505
613957006
291330701
348741832
205863994
780615813
479553419
311791592
175367241
523102035
196795430
837188118
852184907
218471959
202587485
176310595
80191371
464019055
507104543
677532772
306732782
417209481
476972423
95824620
537170161
590912432
244802503
142459763
26647941
855448235
910936698
859629549
550765372
754170661
487360954
577126736
637095281
236766859
125557869
811275961
447350192
930228309
729195351
685560335
888554663
320452857
234071225
287583245
379558574
601100417
157751535
162820304
404911701
414438978
726547654
362880601
207788422
482903659
407279968
123365082
133233856
534941938
528670153
331647511
286863280
635218272
792457599
704822266
680435068
390863551
142141274
862223060
933318573
952377120
833980612
835503286
488390048
334282949
244186837
3276616
296883247
17072385
62480557
245079163
129611729
987421713
648227630
931684933
502284586
323091330
306166020
823259734
315868189
995913339
302432573
919317987
326409334
949667693
401626547
608191914
60878791
25047854
427136134
706474730
867053682
75332278
309676754
478293604
197207699
638252558
824142976
232251143
640403028
825416390
355013267
503568159
181148263
467883943
383697956
396577206
190993697
521223596
53997780
974360966
91135639
522492195
282009527
330429848
610327847
319135411
759531098
240473815
975307293
475033737
83149465
184618081
984378144
46536082
433924654
4810153
533243838
511661484
936682938
765832362
291840344
793664086
918932655
529110645
691250110
623535395
425267094
159408995
833286924
150049071
868654407
521811842
660678821
651394583
392787070
93681088
50488386
552071804
763051832
218740277
699217917
979561384
399735183
116837776
599950796
763923483
541001202
106770670
502978409
409564401
217433086
947093190
151375207
374676796
675452308
877294762
440886819
423683464
773574211
891740347
140219516
246717471
778563230
293837679
128789310
294425611
956003975
429818429
138377392
885398599
644255676
909006645
183615883
906902467
814673455
898652410
563686174
977853916
815611171
338149771
865896290
730170442
808879642
434970445
989452416
294136758
356869548
963754626
731983276
450565046
950936832
472157353
230334495
291787872
902909224
956483958
160972837
420021898
323743842
280490454
776050595
424722674
115006871
101771915
655385695
284565566
247862357
12214293
915928406
780876630
948026662
789716709
534746193
563264765
825273629
525758934
334503372
163123237
393565595
220235853
151915432
212362628
879998724
269625861
445358966
209034543
572513827
581922565
58046785
661206497
240617535
780449908
631040163
713434580
865789618
717431933
179792095
786926306
358037658
368520918
933341539
707380582
943842259
122528606
519749880
776352098
365041430
959783621
271753793
961638561
160445706
764424363
272596267
540305301
489561132
527512380
433405392
668060642
883337973
595970191
985828539
297633453
431173835
996466337
905953814
382675755
282523203
70286867
989558911
166614527
225327508
334689885
628303413
598093587
281288100
970652511
730264680
383384426
97638662
281297730
821500958
400541311
446652999
948683325
192456664
279965997
511420773
730273934
293219321
944286888
565806972
973965662
507482860
232699540
205837557
732819059
232405306
492703468
712009856
621208234
741588231
541478619
682233961
486018331
949817960
522577932
668829685
516211075
375211241
543894919
393119125
881060344
424625635
668419352
17526215
990774592
772001119
12633102
37021962
934141155
625644174
923739720
291589926
68628682
876772398
210283453
440888964
519596703
695850836
337660603
939420752
955039854
33662495
358041176
192067556
96373730
730415519
724836770
541264089
544469468
207886352
185315124
728934108
890947812
464415998
36789227
591531923
451998981
339763439
672097885
207174222
856510212
416477665
727673885
362245966
822035669
206074760
433093577
693327927
371251915
470709090
686008164
773859417
379381168
698495278
443188221
652611294
245366626
958263787
775189670
16961089
414753419
515449251
233093232
173331526
654255640
281679512
704794021
205793460
148757632
997651490
676621516
249746070
643061298
614237796
650002123
179955898
975774029
903398626
825430513
22095797
270906159
821967699
596237988
572505621
384137585
971311199
442452934
890050056
60642045
869058306
900568597
334618137
144916482
999217670
696096278
897868929
689702464
630981098
840503029
776912649
190085154
133732840
893868185
565569911
525338051
866542427
515105438
470072872
385986377
348668477
203892998
708941701
903682097
565477509
176892273
540166133
749832292
579847173
899052032
976594542
614753623
812031818
97010822
93309330
798329566
287167245
996321101
108943400
692440155
710574052
618086801
636586503
427024285
393805986
462964778
597781764
691503767
148312879
715440904
930824291
862330120
95917878
692194019
939546781
575903546
602308416
940100378
874984986
296351378
659740274
213690891
292654151
871574286
873990724
394513695
432440083
710247422
939968676
13863199
953978088
938601172
318701168
421064269
908883231
678807279
177812460
767068191
148749338
945213407
381006130
749401507
188521905
42448617
2828699
966197767
987043402
789032412
767094215
912300760
183987478
616714394
779064685
370076457
444747464
211992717
471290328
597150129
177219573
172516452
907972956
890851561
488865637
962777528
94368881
65534842
335873042
732787830
184415359
996705998
945992876
750346988
156680151
823268661
217108756
856097176
31035882
553967941
765902369
253842884
362159566
956153970
699362679
106392895
906532429
281940593
696268907
250980143
83185776
668553109
320050766
170023014
133319926
523575540
23728092
4655661
236620706
816233034
810881625
903142924
603058029
94202531
569017018
333780162
859649404
868301022
193171080
156009339
951126496
702051230
502126035
440965876
745966143
655794999
25008224
708051398
901030011
696800711
690726378
330113017
932890143
994702491
762313665
694628497
857603564
576784434
967519057
222576689
541320841
217486021
404248865
242933667
481699511
53931993
814275116
609821121
552440603
492912886
282613744
849902771
44658477
228605586
615888928
864897359
754445753
314840794
797863923
29266138
336470822
471462150
584019090
701860823
31084060
858684766
647205664
786728062
454011337
461537465
116273388
997468832
485548849
454640299
576112363
108094246
405435370
559636306
580068670
300267687
901502512
863695510
818234642
661965804
311103999
260710841
625591182
607349319
886658181
940049433
403875625
424141618
690934849
360956989
498092359
278218899
720542543
743954346
898678285
510261684
564187862
568328801
235883664
22394643
646260893
254607646
737033217
723835995
971231080
458762939
2477155
140670310
538972326
914165941
211029292
999072282
86686959
675305181
850229663
61503964
399751913
314594354
263331792
210763844
196402718
787079255
415936589
66991156
631198605
959091188
463210959
449235370
584066836
619518465
26407045
674973885
398993376
56255636
419622862
296019784
469741298
250068103
994508943
733661522
8658472
185713418
90567440
4951775
893712025
600057596
48403073
828560420
681325065
27925756
765568175
934286609
97793149
561727190
777720721
862794068
572594987
88777308
121433958
699926766
801653769
74236174
281718176
207565621
957963973
671162017
652071414
891566989
125911391
215959376
931975013
758578539
673529683
798571892
486746057
815341162
91675255
234278597
955001003
276602269
445763911
104245018
899626160
541219747
54057649
446152347
557528788
738536611
246444678
445619479
436241575
125889418
311855221
105719926
179371076
734854236
58087428
581788894
524916852
946926868
293049337
252877269
421467929
675523909
230096099
117833735
831332917
23164221
308987308
545747409
405199699
834724909
253034301
157963452
769963701
607428390
133312167
500350615
218942232
39386676
116141059
597385039
393592324
684108879
458145760
377230136
831857225
59985439
49271714
896460653
236168548
718549920
112612613
704352600
147787611
318679267
23551808
935535453
594760458
955180002
247398888
351472849
259847138
387834293
160392048
216216524
100238402
741330834
367854070
990611211
454569048
818271405
415581435
682621850
613084534
154583525
828381922
365915562
563702248
551267557
957381740
41154691
577565266
93699251
68665001
704974225
651795404
557452254
769152829
507712736
331609934
687872410
458130282
935443920
505297111
957076949
643526410
157469149
14827070
589116018
727475444
681570425
146663031
658879212
1649503
503358273
597193874
897507700
406277770
669757257
316309845
839144998
493755300
583342279
165917051
120073705
102792227
245979966
432137101
409383113
288194264
741058967
744095803
775060314
675249313
653774690
86078233
917185677
163370955
211840062
110025360
21687671
408857757
442287728
134910989
905248428
672752519
768338130
833977551
836112740
658732530
704488302
315964704
588671504
733258775
498542912
776046236
813505579
682064931
527735898
74046333
440039032
211076633
686589745
899949802
621406589
225124318
951854640
306581346
443690018
643145027
374270808
302718280
710848786
511325155
999107151
139528197
639509226
589759911
155713396
637367505
749853851
449715078
55147816
750796917
931329714
228632212
798179281
933796893
206383518
248924872
545251157
643540381
292296823
756499652
848025028
925828518
682497048
455172734
677022980
2067957
830119566
774726623
503169718
642783416
687621402
332066850
743775608
560935348
386191838
744609666
808332395
491063741
674009287
723590332
206888898
891978719
709816540
132093014
19861608
48277744
277549690
191931742
136996772
727002916
602997241
222048800
309777379
395910028
249373636
739343144
145438174
249509550
197929387
462300143
665231248
196708425
305677613
355093629
517272667
104284931
557633430
623861917
730858059
22635447
693151223
239629739
850047244
56191864
964352237
19097308
867027626
759596205
842474177
308655327
774199253
779829720
582649341
874981357
143051885
286256045
642730217
165003136
823482497
825456992
249030021
841548931
567267961
501190248
915429709
198133668
296260327
374097152
142394823
528965370
393445535
816943963
953939341
627055892
801962170
235034290
396278662
191466261
275190069
172518158
221881696
789353798
836866110
92458594
96788310
312075862
591102441
877548418
144248634
474285204
297649965
919611599
436974564
933272162
460925414
966637923
789346592
641690295
41990860
239732140
369373903
669641091
469549039
315030122
5593965
471824267
728429353
8614441
736366675
802934574
637389165
321088423
536060972
445048174
613679037
206900278
672940873
952847566
60220499
353654746
763996797
494100066
642020268
983839455
635723668
312635639
333971651
558134961
171872341
461120909
576679952
163773698
511770287
226393517
481144277
45810387
373025893
321967583
192544115
348653027
794001506
664700690
540647361
255097853
355709409
295239251
479123731
891739698
971480172
792264663
774223228
364917798
196593443
46463694
437425500
428322175
299062336
713778057
724660306
136822111
645954239
589401009
636214639
337291910
83057528
468464891
485475806
144806416
199931821
592818930
717958369
299093092
313243799
713440033
731787817
781907649
423917010
611299814
150957063
902529486
662887146
834980810
68567331
222778430
770981811
628256713
156155363
988373396
768803291
173410647
45062150
202819753
834387437
162412234
279620238
33052516
125883638
296289936
867477784
642990837
277135890
539342153
677855184
279407903
830633420
883623691
151441836
275185936
37709264
594145128
609858395
693485250
672454172
183506223
894666033
284907173
231608392
796601845
898538040
843892397
549743381
119093085
763256284
591081464
472098755
766375405
464788832
774071349
310154972
289681082
282338857
656402770
167864504
937854465
83164807
499055604
28859015
91050688
211658893
102589164
952652823
702989510
774870170
744980851
767322529
528848434
944845818
192682050
412672775
710883358
333843588
534958015
885776767
402710116
534630421
303238349
236417226
632589714
322123340
412732154
966635351
63554962
605086235
390737780
673056264
662238933
151049949
285612709
165679314
915652433
169627845
974498454
290163293
482586873
320825300
908537838
535991675
197439538
871059676
515617688
495587728
445694803
387448600
915172616
396021903
709277761
501157452
787075037
827994146
37308602
914331088
75744184
910177853
119255735
632647872
978254100
153920445
91007037
369071470
533224209
356842963
412263746
176914442
11146299
681621316
128099800
158721721
394053477
166339807
881725174
63885424
542525703
504101187
436859824
798790143
964142910
548325368
785808327
335438408
94975657
670770500
406320808
473764750
291823166
49060904
830685385
595067207
131548826
463628669
274115308
406458088
462597751
682412817
410372375
776065583
341016092
218402504
426203766
743974046
418334610
843217654
738853124
240674397
646837907
801620253
396910246
422216690
287166736
628248579
816220077
773237953
202181148
547370011
357417310
510516651
363876105
506063627
372239358
513861482
72575779
119140320
504547120
934530937
838994219
969292204
869993912
861465468
953289384
442916206
872776506
954052650
807738212
492745133
611181386
524321974
142915252
106348473
65246433
495157396
134883360
307060653
766662902
775504302
720749890
123381550
248728032
471237397
999016278
464508832
542904541
177395974
995564376
270447686
296590846
411241411
805086532
546485300
83548129
155384112
588954954
32113110
888713220
269989899
948596946
85569665
340523806
985308961
272355107
811317626
611668670
418593881
304133094
914861769
376473485
739743778
348607569
480866950
30489715
423039033
714232000
74689607
510690073
672081758
193140187
518586775
978632405
450771990
935769059
345856015
907739585
517079704
136887729
159190861
82293917
511545369
376624467
892423449
569158703
360915073
479260073
328290953
202826584
730289561
655407308
561557741
555996735
586681166
962857513
875118874
765234900
225855158
89743436
951803019
911149387
103346898
662273149
624538963
85382069
87454037
426228366
652676327
10029521
76112247
952307684
302287520
107382613
417814505
551228220
585331197
358552209
891472999
364367452
399332154
66200956
119209167
309786295
581991576
327256538
992266678
573222936
81314170
899404347
264745637
488916961
979994008
257459802
311185744
332556314
181775766
432816084
421636599
302163239
974607667
773714389
440664590
106232678
607560438
901522769
253714544
330844484
141246345
986933441
365041092
439889560
730754136
263299626
752225968
589963101
575814292
798114538
90716710
229271730
518313957
367193703
401790834
782237696
645929748
828144078
397604935
136891003
160035506
852000731
261968970
91735098
994309032
539145742
6327496
67090868
544850332
807090531
436974508
486019629
176157053
86208320
845568600
695702101
49243661
900945991
613377057
132520780
1273648
341416257
555644026
232698741
714211570
719536829
793636457
395458026
660839511
555501730
703080940
407331068
447123574
364396412
908093185
716507229
894991225
246551350
729470026
866117400
482415338
124079573
353564647
605633024
16002686
58991594
498483642
23433021
542748597
331306764
836317168
314469175
700201828
39193720
209239366
726586855
163525256
891083989
22016314
362724451
920430757
842489535
84087170
645061504
481708340
871208398
93822772
319177513
137155812
377121776
839106180
149126310
652086748
849407551
40281726
172047075
153219121
519622166
493414488
215863341
568807371
699626038
462395614
349817083
708613451
200651331
869794618
458334966
57258650
206602974
182044896
383896514
543169475
140481811
751870661
538192550
734510182
563483646
577643371
179884026
315832866
164695604
884532499
567422
993009066
116836762
309831830
476586748
654132969
702980664
313710301
396332912
41066806
197680257
689617346
507171368
568640713
701099304
125718263
38339054
326936032
4702968
501442459
713458549
629766459
650369170
454133243
252451187
985685771
183981679
333577009
244817459
352898878
659405385
235811510
141848582
649731360
976245712
572360902
184615120
973306515
457567451
417394737
749390894
655501626
176476037
913078860
652274752
698748751
959650673
740050683
653655767
665383681
908287982
363481361
26551107
676750613
303714224
509674361
174054220
672831921
179111977
127377740
795170486
244315835
353335063
580160238
697386036
955094101
86398880
970573687
275929066
416433863
198056473
781533945
603967247
50200256
389639262
88618412
634330278
23138860
866374894
808883872
410138611
108765593
670651625
844745153
808249008
187831541
882487947
104933333
628131808
413204857
976086798
503306275
933995256
590504583
75549780
655553491
831672731
331167748
756083096
800910341
722272102
781819149
617969773
267372934
422215265
238217350
26173126
806340214
427901217
345200962
548612276
523046829
515767641
922577278
396734857
315827141
987084218
782182910
625867360
889086725
397420674
22325902
132244037
832372158
629226897
23539261
648304541
284310770
220054808
242467680
240850463
792971890
432483496
11114971
90592575
799933094
519762750
978584622
31378108
8754288
512313692
750870868
967597719
876652413
157795553
100462424
850693755
640511287
237221929
387318779
3759582
219374321
367470173
574341705
56060006
357813526
65295801
787094090
549501054
388997784
935911622
792304403
442753510
767238209
155946229
790970558
969594188
90071250
523068382
209613670
894324840
502229690
228378394
949839814
231400925
371540503
532780197
25704979
146617209
374918264
158736960
820759854
162554244
437794099
132266563
537634067
189903745
218580845
326255766
628058883
299542030
668728372
690216985
31245602
24114262
4557308
414191625
52583664
148744790
488706019
361985974
421293208
676818145
849932676
375872428
900900815
311388247
424848909
508826404
967165133
128182309
703262702
35071663
2219358
634738702
412429648
454703154
312787076
601424945
61223758
889502924
414801025
555131322
212654023
13724610
292132736
832567856
97423875
46328442
714707160
427112181
601812909
188974449
999017089
206749055
741072315
9739495
425803257
451438206
957986921
888724653
853507987
799267990
3842959
611491230
644487934
626195297
993177141
768195488
151910854
963875058
598443583
57678770
869720610
740129327
596358657
552769659
992627008
409955156
617602685
531690013
894892404
956719694
975094924
936864061
163676523
578003412
358776690
254168642
273109733
731581235
532148135
896498686
990410713
642582442
488692622
126123184
394187442
469904913
685319477
4834978
405027454
945013318
296363202
307684548
112522858
437113333
727534242
916657690
716916829
792180215
795883562
691278299
988390227
802452207
967068908
369856375
543975117
68076417
944565371
570806095
56528805
848717399
299630965
909369594
450688488
697134863
551270140
719377860
451347946
20418476
15929201
378869011
248692024
939028829
904089326
754828066
630690806
53223541
200877327
582785562
358711852
95655005
701807616
740693470
234325400
559592590
540963827
506065580
919382059
354854370
165531071
740360419
868463969
84353443
569277005
321271309
403112340
550433254
997283062
303751960
747406634
679574779
25641015
762936053
510367976
9785559
202903628
10918987
532386658
855589014
931027697
634441424
188733973
952438165
796327464
486759771
643449057
476234849
322901879
45949124
464664480
655462743
522208237
13210369
474797132
934250093
970390905
797316700
699110257
334325228
818746058
590803349
858067947
889555409
575961897
834701745
678424474
501970575
458800558
660979411
338896440
337408123
9859753
615978899
904356552
942958417
783368460
899786166
651291563
941190069
925894684
220061006
837083632
474211422
393068967
357333397
700149267
15849552
833523728
680154543
923001254
542886765
502031266
672912936
929117478
530678875
269472630
833476068
98529165
167330872
256668864
382046651
383936631
862697194
780476205
155057507
102150076
114382429
514846075
145771593
313974619
634604216
296852288
732359554
378522202
504658005
649449200
383462376
993431784
492452385
87554653
171131087
578626204
256326264
788218277
551212701
823026852
63527997
102051854
61603648
562647046
74065615
914703310
308746834
797150781
174998499
848510761
595717612
873319132
229901258
330679159
148642945
347409019
222056480
346841624
958446430
366562200
520683038
48087700
624227686
356789268
763831150
326664629
614409586
137693614
215446188
355846535
782218527
699437094
85589908
154290295
434939162
466865593
303755813
5955064
702182822
335004937
621621617
451496051
771415972
462848127
437959455
526553717
443631830
722924827
796247375
475436073
259467596
524354426
578862535
704790619
974959305
46889497
206941236
493208837
195324796
654807471
1585750
349586683
333714188
802911966
998803314
869314023
341187123
914283439
978362471
211317179
7354789
643603554
213469711
479906029
539290730
642822563
802804809
787252730
888475664
807198825
866234890
821983456
327350878
478059340
680684528
771345786
202775493
326826588
193504696
871962057
76716772
369231496
525825760
501064934
786209115
20415641
876351177
63093793
828239172
619609873
596250419
860147199
309246627
668910273
697098888
479854710
258380698
615650505
405988157
969090068
796124985
90961934
515998124
789615175
154596289
292668415
33749262
791635013
931374821
437153622
941440083
820268738
717584428
269825405
103749473
658814436
698117697
738517384
634506649
632109270
980861107
176755330
120621997
409175703
484009579
89435147
784495593
14895763
624975168
725019971
253076510
164800430
184475099
512538354
538398110
583470407
813492196
215175292
716368451
527687464
657543484
477584895
600499361
658839518
680506694
767088173
229596726
753371561
893247639
476599032
702642249
112207578
718179701
396224514
154037124
556460631
102947222
912297010
381294509
866244954
517707679
65824445
795124362
410856923
544773033
403616021
274273201
484121651
458200099
954450149
770350399
206501297
738659137
846615351
110448447
974965831
269613958
945805562
784055533
125465563
713555865
376273367
77703766
112151863
126180150
68895780
597460060
235880542
810982983
353758218
966433257
3649733
89536831
537013012
654033152
241692415
159016153
287492539
229084478
546487488
665134260
716845430
118423493
212788627
804055949
58839796
522884598
710818553
897406340
178776911
688537671
639838416
759593743
419346963
25460607
925946435
541261242
801494890
699765005
602464941
18415002
213527787
939537136
899975057
283298850
420369438
667283954
251226302
488473575
669921339
981369223
588209319
308940647
470385289
683377723
185746898
258207314
225030660
444239560
395686774
610841953
560938106
659673024
888018411
920254951
415116595
345607684
586071826
846143873
31493130
504693706
760201029
110733843
66402937
614566179
738958752
846505758
216989054
290561576
785271096
340862547
699344858
965465848
679983593
617864987
173887172
672159917
349337063
409270862
755699253
93534255
246482658
113352891
68141330
603596735
498191186
405026704
400062233
570847901
59128276
117469012
308906255
769513983
447809885
859924004
632065913
265604777
371496092
293617624
676426429
84663437
967462432
327117142
190975865
183395634
490032740
784904873
945326645
769124971
768542320
723656547
526600964
203502207
963376161
316371012
128789196
714873362
715310017
799943165
341589090
873025111
109075632
940085432
964348339
399587191
523987640
122431211
410083593
3848184
801082244
339076048
443216918
705033811
510031271
749215351
337914338
780635626
702966780
804511642
218726098
602150109
783293733
248663246
466674993
692032004
517115503
454938232
715617412
241370845
98598442
697089793
48645081
71572514
145813318
825286412
981186681
69160921
585840421
315249504
814017580
943959695
209816229
186962483
110358081
543124774
310086867
217839445
642005315
960794924
439927717
224297638
514580680
57454573
87945969
977485962
647626712
674239839
595249907
452516732
767777673
710247208
265603647
673357317
241970687
26456881
3151728
340080500
206936527
720212146
248884482
157465351
219215230
941708829
641262559
727891500
262388961
358266732
691485857
453927507
250526025
608781976
476713106
998048981
921562408
831520173
523355594
998955371
597171138
794395330
781631511
738076507
457845516
998804136
940968511
9585070
991250574
845790313
49046122
831115128
978107256
623668304
358182503
708886764
390972907
786418749
252818306
35174786
39973610
80140015
874412098
482472004
874628948
212798111
118534307
369808150
911530552
957981086
134758649
119470410
906459702
827091833
429010449
596699882
683078086
582347559
289107591
599426993
762046470
122680638
537874264
587865116
541426811
471917807
528497559
702932921
662833908
556965247
410155476
531117221
763471203
29129089
642766596
25173963
298020717
305509329
503773092
892068293
657315725
389409819
899438542
298460132
587843128
43799131
755542258
343218967
992410114
678693571
932019384
640902448
558814085
513324828
752180113
109533563
257998480
737400465
607330044
289601986
754881879
157925044
143899750
843440854
281343394
315309228
670463906
874052030
535740347
218068603
42696075
214351503
571595969
280033553
792540169
238151084
351047955
880893661
444772769
931815813
903668347
113347624
687653830
232728874
306177503
109982272
128997347
16491355
845649471
952201384
514013037
595110392
858902631
939488628
464149071
328947703
440688912
834271720
393981792
474432881
468599552
433104431
246796471
83985770
841883846
519300736
449037130
619876200
713519551
70049231
159001084
263931376
654365032
83487780
203266108
448380818
825051998
777101550
996754667
946377956
913812242
629341891
43932473
511269868
615942494
236527823
693480714
897947494
979020924
1484156
659538094
205966385
702800116
455467929
5140707
147400639
894029799
517110301
830937516
271764453
73194917
496724647
267964679
773609380
380742491
793751150
822894113
855330724
106396212
155109357
678529013
502192715
645523146
55603867
123410934
238609890
374720572
454397481
89019900
571763721
29919033
467133911
894331304
584567079
474234761
405193893
675286117
688945535
413357732
272233945
507848536
217446316
716485693
750150527
261658275
29969544
120506727
873626652
564140988
585082154
366007129
505277221
955648183
243231704
382007349
658743193
149767010
416004172
490405268
559534836
722543428
39941364
286335723
995103933
615654276
801131908
605945226
601062178
60623191
856753452
584678966
838891061
329427154
487814160
504027752
441887479
341016412
788112741
450023214
986888
621106052
829548618
404643097
510962600
762237069
793584788
763598676
959945551
632563558
714169578
697527025
776549540
142021596
398974318
410839775
178365593
821552549
643444719
985301503
716694998
575824546
822278153
668565999
398014223
958499984
607185250
105216165
303020616
768608399
676088894
697442865
639741655
945960561
67857857
272837413
227500765
942387510
677394327
294572879
152691183
596445992
986286753
762393008
548564646
117140247
449860900
450874405
443009070
627708813
437782784
458028894
960052593
518957707
588114939
864910380
996053837
190427923
795404242
595463380
247782685
361043890
566084561
317506095
321035234
574780513
728164258
631544138
179668529
868174625
721015862
216670818
466924843
501083796
768150027
56396745
483336770
769932020
350164485
656456073
566200896
283578165
326959855
869541913
627276610
567360460
759248735
691704187
317326177
469402532
388332718
254982551
200343797
174601542
672691013
255342888
12309368
305320609
948024808
663196056
817555990
389604785
609548251
823056034
774630295
446799014
958849546
51895715
181165874
363353141
285224488
494879031
788501952
400567591
550290592
837105373
749930932
455429892
108216144
472422925
286612374
312810224
516718223
399306359
805373130
664347044
802468681
277023709
948599108
66927487
60358800
866360803
356696702
830766960
708236042
934913832
639014779
211690529
482776364
109122496
286664944
146923574
256799962
186888008
129629754
106771730
370413224
417104172
318598977
327194387
223678162
473952148
295496447
952069942
786006609
645446289
390035957
735426629
436607405
227128666
522958210
289442460
368043787
387261853
336776861
953556614
927773474
998096035
847321590
170966507
617113616
217549
218518298
767267784
918920156
453453458
755174061
193035826
162259018
44510936
795541631
590296495
221907177
272717285
637667092
432708036
799615154
986616882
234174975
561393911
231876536
265030759
319566761
248581643
898055410
568041269
742476443
419659370
683217301
486961263
594762329
323510957
7472885
320159339
272085609
689313773
802106750
727621607
445270339
952358847
514651816
100066247
215196093
344067225
624905726
733136190
388574360
913956741
222755822
497632421
292266484
11141780
576056354
739657347
680479209
142331054
859262816
367315323
571230918
833782137
661008283
400740919
884234858
985366557
946800304
868949960
813275992
101251746
947549018
616893298
549139290
911326926
107319622
157862645
655737148
635581143
767221034
819637136
627042533
697411744
875839706
874380540
611535791
320537352
63630709
522098055
960520879
180502448
182176613
510226043
626803495
205077037
949236753
840656174
126543088
776913532
384617846
954420014
752798491
135300688
897210418
605962803
379324745
679208649
392017914
438541717
889043248
744177415
82708405
356888936
244125288
961457647
700722044
266752476
14063454
890765205
900342296
612318675
237578256
351516152
377410121
391891746
198105579
409343264
960866569
842840864
105107729
833305541
577920145
261109322
641364791
299604747
110551348
72091606
435489811
913636408
945587748
577002503
308976057
751153784
43693551
124330149
807813268
207896784
483278787
963690720
579921829
96542352
607102554
823173685
109286502
915226455
82898091
822920701
970556965
72714355
419899282
940627000
180325940
701367124
163359483
417153572
984305094
40008404
948738578
477332877
986063718
27063690
552521551
776523559
547063965
532129894
195624390
126959201
142073600
587072922
53682556
513627144
44191365
123766189
424056291
140060734
260309351
582089720
534734728
33988835
895890831
127374321
596922305
193437603
144236280
726621074
207371201
81122202
94739045
235968067
93635216
678044546
953560410
774647181
882200781
347947065
360652957
971678134
67415298
38716960
441770966
432449650
766587979
627445018
483827268
532737588
839141980
294676106
467396849
38076417
128800091
349458745
766566524
8609811
881652868
894840466
410676623
802229958
444290547
173850913
827546911
122217692
892980963
227050076
862380183
500626247
381452953
377277936
274517348
268970305
614734035
536345052
228083636
391225631
408508257
144946134
463803733
987084907
612148381
624310745
820802659
53407361
282374576
153737922
342229493
872490575
697238152
674353679
97999029
766902815
282700017
451110747
256847068
802704182
85155154
63146182
143956138
520634094
980186345
937896168
82069376
420228021
151531477
301210940
977399528
45569105
139788999
65827017
464261679
745799790
906903492
951770948
561970683
971309925
830157779
842946463
236660293
47563741
582125606
223923248
620453444
211621113
546462214
376220783
773778959
714924619
879274701
107345683
210171333
606838564
440400783
834978659
652283193
88108215
419576655
947015789
593967824
437544523
90602752
768453735
680843352
40246128
375649526
935710978
659880236
670338562
519569156
355507787
297690985
522020790
62150407
63259519
355207033
713735794
85294153
851178888
901357928
996939818
499928962
194694556
633165723
402719740
75674126
388151010
208654216
90116769
78774411
189132499
349663558
747440797
329248256
544987852
653767504
533122313
401776446
676336329
979161526
752968563
632044255
487451203
675026369
42716699
13109771
148223441
692983232
580032667
310616050
762967432
930973758
627800063
198936930
409192707
498754996
571349771
231036622
78212791
291415734
814619950
455774633
514424839
878132225
617748922
594687645
103803951
16118605
714307833
537920153
888565228
222665871
861206866
454804958
551931970
133735766
243923464
167549165
560874870
867230764
669734023
946893126
106907318
563137683
527043299
321016024
849444575
989636417
969634507
399647758
440083685
696149618
443100899
468823690
669517381
158957913
988665551
379430176
183542805
447949061
494120770
393364786
920025625
786060120
465621757
492831
330875957
832961471
130941509
881224820
66725796
381223087
458120607
406429440
540865822
840732885
158262067
960193026
383083270
204366157
593108463
998390065
229192605
11676159
825266249
144893719
46506644
35324561
166155862
724929002
959770197
766461835
417023020
746581071
945781667
318141632
212735331
852571356
784590517
989632362
410161703
109725969
173530435
266904479
84135835
414144159
748791434
507511774
787307785
737573983
394375655
688829536
690408866
790682603
67864871
460586790
694520755
442655306
920475660
421144091
214820480
598537146
814875959
934114332
461202829
534015236
613593686
387895667
409695361
152587951
272245743
643477222
915137213
746992991
295876505
704507553
798556317
879847126
720003772
863968648
397728792
415932581
125945443
63257231
400119137
127108872
683084738
134188030
192439287
671568804
394979376
229362347
492223089
960531179
216995425
28301919
515527565
802564159
308002954
941959822
150028544
296453958
402282408
432807082
469546610
413541693
498169890
901473698
626481250
945315252
337177586
590830036
319780578
220933340
81005808
639204810
931976814
160399160
726213118
651934085
506430182
561668946
769048223
305454586
553720246
276082481
492111679
460654948
247623354
681992291
535339741
756665580
267592998
47942368
975459340
186298932
907023077
212450581
26918702
218089846
520150631
827070161
212977840
533475117
217840012
186576242
701500306
162044905
501377299
299149932
84829220
96011090
302340633
818200540
677635155
951229140
807811729
156573179
146068462
715358480
669912562
520738241
446746603
5827838
873048514
397718805
365188385
405603527
630546449
363107742
173360832
817734211
641028172
489659977
237289479
904853216
186728862
4680119
747646756
326917705
393763960
94939333
787293158
193992817
568422642
889122448
181390869
4644155
117751782
171915778
174573069
284585253
442454088
137177060
586844019
341781741
832171192
482191259
693144484
680626033
296507381
167864532
891453139
140532274
139047797
265086528
269717606
133101382
684115138
419506754
4045182
23965028
127042034
993885900
91475154
613924479
705418811
682262399
409415908
39124350
939761132
304284625
896747570
314161430
47067083
736331043
34984879
826995056
488177219
687913690
705292191
896945581
820221847
702592745
129902166
956453562
257590352
914832507
409602410
17670259
925776098
696028859
202948581
574328614
571083690
505787458
949341040
993512468
919947240
21142169
301779020
78162154
215769270
168536769
446602870
974390165
232771290
340980943
57501567
449268138
112553510
597684370
325382228
802262142
686042654
682369927
935618379
582758829
679863870
245522110
342574263
362219107
811629215
231474898
841670704
248391800
457060965
860556139
745241605
360061036
854916977
378623784
123176907
894793507
428530340
458375380
227393633
360924425
276199188
817239688
687772185
973613491
197495561
197680967
688852306
498386515
806733161
430318341
218500367
994626859
865415648
57068685
274326989
229689948
195771553
253594542
898485905
259369933
171876360
838650864
79798401
987368150
296106590
519214065
419837940
919878808
969104047
131099289
939115262
361657132
66342647
165982868
962589037
165780013
602704637
334889340
518022060
831396723
341627877
352248019
291882014
705861504
356116110
993710643
167918612
924974008
850660311
498583829
749138985
715667190
211097231
909136171
544615942
258756553
134302699
636114017
517679384
64097274
844420131
202308237
531318388
680415876
269142633
817589182
309233484
785061526
505822144
796051275
658204090
239144713
171983210
358254763
440473869
716561370
497233722
372248785
2762351
734630378
239393721
480913137
213114078
203987197
398891473
333324709
146313306
877781730
32335386
890794152
666201572
832526020
496480053
558320521
194708455
539097847
543533130
594349561
110388609
442500268
201323069
840623350
174039871
558344784
440028348
639016405
942991685
880451079
977360621
909699030
670499620
706969658
194109285
660772888
271120411
866778921
869667696
437102142
964024889
935282452
698050730
170687999
835697712
687890811
547761373
796002997
78567332
969541223
433809409
15046341
984094005
892102375
479282166
948146258
98227631
435110563
884880957
765615529
824194724
809372715
948297110
307402071
491576175
810567525
311187125
459492884
307563627
628280551
296708510
943480164
44889698
721518108
258022011
755281125
737699592
637545231
770751539
473575082
985963980
751401828
423817758
828202644
216954375
519416750
802113176
586341274
55342281
315958113
66664319
530431924
148078151
64970853
857211845
590671334
759384585
647512564
596986600
99503355
242944338
390339622
536377851
197443550
216534096
190841801
483817103
717602932
946976871
40737074
572992652
902957017
982886356
958360020
200546971
987826424
85302328
434408781
239968572
553737425
257562643
364326929
1960928
382006836
5482087
740339425
198482273
671564665
247652952
581672633
787644195
607278760
893094197
943909065
306735433
168134680
433836394
172767196
487897422
175171847
175452809
546050288
683997683
971461774
485039272
818829033
576662624
888260646
937313292
437843659
60476816
133620888
74597595
553008735
38023658
638777945
655475169
168904207
360953311
642101952
463623870
162772434
92150827
185499393
408497361
441109760
215534951
231433149
644625085
168094804
491926542
414872896
729210988
456100069
853447858
431458208
59644002
57210128
29254379
622758944
378273959
237113839
886274660
573143016
532909180
932315065
244669136
489541455
574033561
952381394
788771116
261960014
638279613
653266327
203175101
97776998
682461953
132805757
287465275
10945393
430437551
62262639
256062236
937646030
784628738
429076416
479999554
281661798
729180159
347513922
984590906
272059399
221653369
261450919
636494582
11708251
822960525
738005417
301620797
768373109
484933593
178308589
290349868
162399812
840780073
950792989
485053366
214096701
952585118
911861921
441178373
814068602
381442652
861138504
198802816
357427091
469398814
204613278
282906855
125474032
91326384
914858745
28269630
468967072
774635090
881473612
900448355
521557024
566709745
303359892
597422944
747841495
139691898
950021433
632401140
109610903
61069386
791170798
4018486
181523295
604502366
56954620
591174622
763248968
140578136
143619204
502624512
62500592
680977333
451259863
255200920
864415282
920460676
829349088
851418688
996394432
603726843
539064623
432991071
318595124
594586185
518286830
89587339
752219938
310773977
741806826
796658390
563189497
122022097
587708118
325996893
796476596
947634771
53662405
230900419
897032722
717815528
391980059
129604656
142405651
404487014
113179686
574869102
809715811
926302823
918833249
461698264
989682816
892201966
415545106
66619348
960068108
43347353
192359614
800129914
233782670
962690142
360236320
148059432
188591088
453917086
178849954
683722372
165030035
303349419
426969214
753211291
978860561
399263937
394316603
378269392
667434850
27448854
217833659
656527166
640915553
118677321
657910225
633256814
889924857
764475865
685428448
160408504
574708132
596753914
905342187
942125312
207414771
437332371
950103131
995639913
419980090
361841441
119618606
452144527
292131704
151344334
272516612
367102147
134689372
340156048
108187839
856369684
120536030
798533644
548689579
736846429
248591513
870729429
275451769
861529985
451974878
498375419
735046033
656862512
30639245
440071366
787453146
483418173
460885917
150452673
908133143
204826980
929827512
849809991
279941375
279147071
419568357
597704748
459728638
944064266
544079150
354146776
617269155
51790245
407636489
795701567
447723753
485164396
626986776
392732192
355079255
528148361
588074616
998483658
974804960
732935577
25375589
767102407
408021298
947646936
216408437
410635142
19875470
790275453
839056249
585913603
223942804
989584072
713213081
916218400
745425872
2037358
948360222
676045209
545034568
520065793
240801388
999501038
18461180
979134374
799857435
880661113
419236140
934915724
645254686
191036681
92433670
386357868
681601327
394967071
111555894
604893891
125394724
885142157
659177257
293259781
977993242
815336501
449484234
272794688
647404740
558416696
127914385
717118672
836107732
193062667
486372105
165244066
702000648
929442505
634062235
960724672
295632178
184211100
954649759
379625533
997902815
758474042
787559371
89969605
614686828
818879809
79352460
683726708
220501408
644344882
976184792
223911943
648382362
358074921
667792611
998368011
578380484
274870735
138955156
71258610
150513930
93673819
445691678
385160661
806908130
795498265
274022545
548414529
123199657
167252156
988545497
31609543
832056001
339646353
613166723
867655800
36963165
349538880
897453647
934329443
210620346
354001087
549384898
997988031
412594409
719653245
794932773
70959402
175561206
289447070
783762555
397936701
627799641
964503847
16568267
916222379
574081138
699124803
939931274
326793881
198357359
701713284
599116329
560328713
539700277
448107057
240657747
177142131
625961579
992895258
175649386
369787454
823887667
367125208
58833691
333918822
32630141
672708875
768691015
602043228
208656878
524522392
773978461
612332457
779943053
239025297
252293294
630815434
865016541
610174799
803414348
744398047
757966160
506292344
966093148
526167762
646184793
324625258
704664155
604021982
152648485
545944177
269755125
452296058
635891332
708829743
583398607
698297583
86805769
918991959
344955717
800258868
933559799
925481533
763999517
440870707
151790772
772062202
473972869
991898686
321617150
637524422
448435809
500930084
662904669
88792745
247572786
376475589
950843221
296415412
706237621
988232345
347983708
632169281
273021050
101389054
912595458
88029243
82941444
859369560
57569075
545514394
240111257
113772107
318652123
804003595
321118740
961691892
8954888
763218160
608534673
188825377
999828931
638797062
958625437
977048131
55553265
661125266
248139611
965716283
96301521
17758738
182013190
734251363
3411297
309371561
577402415
88464171
819210095
745454905
388707309
343002813
741893929
356952981
140617355
99076388
947058527
445097474
710232408
648321905
861742340
524972462
208835193
832389908
224262622
9450640
954552811
68414842
669104586
270129504
59817120
533656640
560073934
255456778
785894344
351683826
789225894
330857178
797899557
814352606
432629281
956099915
351333301
286810477
165065195
953120674
320588475
