1000
690568301
950222297
761290655
232408288
857264294
451866649
531553040
790847773
769107390
492970534
384117117
509466951
303726552
166964057
904292669
24200930
774974658
510595113
372145669
967351157
349828703
338901897
731012680
436314728
168935984
562151502
783623860
635609080
330441947
290030447
630241868
389419643
676882911
499458814
68089813
39321005
208825566
359543955
569188884
281198593
332032020
528560183
326975917
321235000
115050641
442793427
738482429
392929622
344365987
299379519
319102682
457523706
352613165
578271723
454506614
552794097
332970426
763103521
750384664
698876985
883614365
577986858
518686489
48935083
292663745
566608039
781675766
764917540
839387346
826324301
812786415
163686656
187387268
482380947
646709857
623346737
216506791
138904045
535389293
10819908
562517096
770863253
419091204
111790159
1598542
160126570
336184762
932818399
773647929
772639360
412852294
861127381
84904389
170029250
502795964
236525951
862850839
25817701
821744218
616669548
530198676
124283156
273188223
675295330
857966063
85320430
493087884
304271066
303286006
218025478
342516495
828171877
851805624
466932136
130872891
714953171
13510613
921292489
626722147
770538763
711113430
591941964
565214553
866087315
908929710
88727563
800957720
683901196
44070517
618968585
306981321
995745929
355831952
462754947
16163540
915400077
981827705
797122253
57201702
570730576
346335933
510331999
729638761
435406381
101055426
644139941
665920061
705731028
716345533
298103091
337892036
946469045
406342561
936543542
405529509
73066012
245372962
140947829
196557499
437775206
272497669
787571083
811952482
411947445
358131358
690492514
768289202
487331446
574260591
355667794
597539789
626796001
917146201
997878467
849661650
1818447
432247109
52930159
487596774
741142161
633647121
416729480
495431300
63757699
102589069
329914245
904908851
842785927
787522607
954119614
368770827
503518009
771511153
354569822
256419007
941178790
959880896
992231404
662635411
943672452
203883415
641497720
145088313
214010618
302437334
717482397
416540780
654812688
694529653
458547029
830283393
893110899
823693508
409892611
322099768
223675915
216233417
857857352
862756202
34242704
263482374
918162807
480929516
892576782
86540298
647825226
234040881
960287281
140249748
992528732
515722907
128933432
940078360
134983587
777261923
32714138
971537057
267831096
681949358
944160545
480916874
330109431
579923136
276749954
427240284
972468373
755854717
435885730
419554868
699861910
140316813
724577280
212314461
433721950
393699968
176684163
854647213
455248978
357408044
408267762
187165302
432616618
715782985
466068848
230435289
919417862
439706879
492418190
115458064
494073089
690091340
968526621
864513614
363957392
997909988
272874807
87544052
225012666
230193187
323902329
858517774
343165375
314127045
900458262
432914161
343715266
112316633
253619310
122044345
947399504
498356720
802693663
849939755
282061840
478445217
35292115
427827550
432569687
1135467
467170859
754292827
492169048
14187698
855470792
47320570
966998702
203744945
923097378
615971276
795508420
463547075
658565495
763723699
776134423
5229204
516001631
936119945
98994280
615586065
545539166
514747666
726898273
287041802
324236893
252842454
940032001
445003611
405959629
182777271
910694511
629420467
627141676
242162199
729362045
777233693
98151425
40980815
928474747
571211742
211472885
181524546
97636262
180063170
985927614
744781
985507978
359457570
86693082
866802446
2494867
579620007
91762979
573626062
809832971
226630146
467992723
180969376
355948844
874834347
95854711
205301594
235012222
474894439
166343600
1080058
805804296
107708983
851934005
779286873
379927333
295984115
51120288
136151780
34829772
137287025
777885423
457880508
236543618
433911275
532979086
260608657
661502170
244627176
841644680
803615764
809495450
561734034
848156374
276617368
718523635
834051226
983078677
545997532
902724242
859207160
883413477
289950055
512419699
285108261
184228513
644881979
231449815
17193134
769115550
147737194
841209018
930901783
222641788
851438605
984017116
896101752
472115081
638967204
228702504
323678802
326498564
849179352
686624946
384520155
467948217
270756385
566589953
519405468
398014840
674779128
189200544
23561706
897687083
670394431
521691033
275645557
606325607
936024400
520766155
461895953
539935846
13057887
805079840
857480523
473453877
611563804
552393471
145299881
35781343
879394993
344352181
66473260
589776970
455520062
679025492
629641439
738109928
869343593
821623280
654348056
208442258
684289930
682907455
537418069
203373688
844270223
93442115
627066765
273029972
83133659
339971041
103227519
313243893
45518258
841036488
441893874
87183885
559007533
338110503
859909095
565329539
132769981
344345680
121375919
958976522
580523987
705515510
884670155
195358347
287318799
636595930
542776066
452446817
6368914
953124591
621117808
767814795
44689531
513243411
774357193
192642809
24413095
433359412
95454854
229977071
457502185
611968632
538298500
512095920
558497674
62850850
668788949
530471473
87214256
864677690
589119624
456256869
128641962
787128830
50445903
63085033
349717235
298636327
243065999
950608495
380764405
270917018
885653205
555016466
930056823
90749863
106976076
43618476
419104031
88226750
10681742
458362920
519494358
69451535
215113682
421392808
949010223
173041530
828580052
437675454
961428116
369279992
930531457
939948322
493743285
897623184
835544678
892493330
951183854
739267286
442078091
822186080
524345789
267235328
424660821
452889717
527780860
898671887
875254633
732341652
409005831
12007221
73510772
522775569
524565198
477718900
196470799
775329530
531855760
118328892
775082616
970082460
978189500
334573452
945933593
87977237
366090088
870068784
609313857
650452572
630035938
467710431
641205888
587914676
101933340
818262786
137763793
603338216
241645187
728375517
175493477
960055576
390820893
50863822
397271143
716510955
15693141
667549759
710304996
477609783
65457987
196005795
225286999
860407842
201760342
478420465
566048088
815397844
937616746
79290287
90105889
244110401
58369053
240942318
262557886
23246350
85513460
526150351
60231547
108585946
510831267
813806661
136823470
491340535
760713242
980396902
149158815
746300738
918735643
939548935
758434223
55782750
594652913
552517872
176206195
853786347
580762293
806881332
651992699
530619851
493841475
355581949
950822442
860005621
647338864
531492775
985054574
546725155
764244553
236954195
631125144
537872236
636780222
823016266
718080058
186276028
945600956
354732495
67614864
539218481
191304146
672456823
808976438
295128608
313186232
654272801
667902653
880344933
991463008
691111955
970548350
621044724
990745938
829325822
506565167
611533383
316067466
440031701
923716810
270455682
741807654
174121574
655405378
110799635
589011364
120455979
72197409
90181536
615213518
808846205
505963564
452254795
751538720
929291077
236283900
501066163
493828387
495945006
225239827
323670701
427969413
970436342
350732528
426867136
598689280
675391179
842672946
985879157
731699365
214253754
332962341
444645552
17409190
785308020
313799999
93005217
58964891
447669539
573027763
341543331
338084003
373135435
276135515
193236183
768611959
34886575
482644571
909318205
586181821
814128872
225314366
819891845
902406740
148928509
274156273
918104863
92209426
214524843
885527811
360759558
371060293
200247634
531630001
141302369
704633900
562326040
415169172
977448191
308765308
349654487
478251600
206176
953871255
229607631
639765391
148289562
131043647
361934860
942043371
336938875
809820865
400234235
870812743
265406896
182192899
556063733
268505380
821827374
716949735
605567268
791542771
256366715
443096634
294901445
169428943
854222271
422125185
871116797
676891906
681413970
484066870
291576149
899614567
501238742
8529263
167028410
495713362
701315721
197280747
433753463
560992251
775887606
828562068
459982425
196310558
750051929
560047363
793732308
590507516
53488994
544319371
491406224
244219337
527187772
461412020
44990284
142691962
330145588
557161398
250976260
684936398
572294657
637866770
216348383
36012610
926535104
96610653
572749050
291562369
982636845
587642280
795676264
608618931
557317804
92463405
504934327
426131362
294345029
798987775
163408636
331625990
585819858
696207150
222963584
387331287
881475293
789090674
335859888
720860661
384735857
729143454
357949453
293577396
766696382
890144272
617589954
988209024
629130489
873832982
529074046
742935294
127971078
550441818
996047716
974052235
815814226
462241849
80302108
426760545
435293301
429951661
305779048
308755916
256777405
814697763
79207259
296966556
404451060
50050030
479428065
237570139
221988080
325302729
377655434
109401208
117240024
326867810
307475776
208932601
549122870
289327587
882173094
142106567
930098651
495949676
539110373
490643514
687630126
858665680
981599944
946974746
193443657
798652699
406889491
15741630
508349143
920787243
227614557
595554846
866749249
531290335
849342160
51965350
844513142
181099420
209032800
890380823
623890307
608259513
366575889
36381459
290371705
170148540
720153319
843510631
209487
7395033
442770545
539904127
935196245
11781146
37080216
97241489
40061973
852235745
70181462
336223914
538307757
407962503
724946249
535974076
784843268
167062743
839080139
161522008
845152218
959347206
731148464
747743201
563051907
581902238
580476003
787567750
276934319
388811945
767029899
63121103
435935716
495428716
210654566
523520714
156981473
476933541
714597123
250549185
690549027
34848946
278622655
203332778
418372135
483105533
831677260
873315953
474060452
589390156
459974677
638624478
865047901
681687948
118473451
360195951
260268772
651594696
845741928
428972140
260111333
39717486
311427194
944621063
697821883
938857550
252582747
156745528
838753712
495393959
521269431
187926384
538933084
462830759
732103489
49918306
324983651
508210122
491781701
885963832
232168073
274382819
829636314
556622652
569803000
