1000
4709
16374
98079
98936
5063
66157
51085
99908
33625
38494
61373
39574
27816
25792
96446
77784
36126
64562
7883
46022
64185
3218
68976
39214
36671
61009
22401
70545
63049
1662
51149
66875
52167
18941
52267
92536
83917
17350
92599
58882
2670
1725
74832
57400
66757
33782
41056
79685
96487
68061
83543
67635
52826
33423
70607
68746
96628
60814
59664
99914
79060
90250
33760
77518
90020
74932
63171
28104
95143
76686
54607
1533
65825
87766
14044
61302
96792
23752
51832
62086
21129
32973
31168
73042
6760
85012
97656
21375
6729
50343
48776
29468
83012
43729
27227
48007
57135
59349
18201
30830
34290
71984
75820
89528
55280
33143
97530
20369
28862
92928
35261
3635
37448
99768
82891
59501
34934
93588
98327
41614
38062
31618
85007
72245
87698
87266
88608
6218
17126
58552
57880
11571
54096
29506
69640
15931
25182
70901
90892
20144
90993
55178
87473
79445
23734
25961
57115
26905
42351
35203
66780
10042
3883
89915
64636
74220
3684
77065
77622
43567
48010
99190
69934
24936
86510
88873
52830
1489
5734
56231
81168
76645
87391
80790
40432
2435
91135
5889
83872
1970
38922
79974
21390
74687
62040
10887
86814
31219
8687
59258
27947
30404
78924
58526
81496
87727
98737
7825
63876
34735
11944
3260
98268
39565
53345
31913
22343
20302
18949
90706
83800
83797
81691
36728
75227
34872
76700
73304
18528
3818
87276
87469
99521
3284
19248
17251
81454
32264
80258
37419
50951
83598
10757
47893
30980
14459
45086
39358
81203
25518
54877
68818
8250
20315
65718
26842
98387
61640
39142
50352
18399
72585
18593
5255
95790
41439
6367
80745
85526
72290
9443
76029
10472
86718
43493
37271
34208
49424
70517
34762
29276
26389
89433
84210
86400
49249
71611
73537
8078
27017
73511
93178
48575
95215
54301
19287
89409
74638
32118
78521
4716
81937
4987
21078
37722
93880
16812
9995
17819
75179
44224
90723
82456
79429
93660
91367
42288
57961
36044
22108
96653
16417
64162
9075
28207
17269
98846
66369
73635
95104
76979
60585
3539
88337
17748
65376
29771
86906
7109
23740
75766
29489
30582
3507
63575
40164
78300
77991
66255
44064
47322
34211
91736
78860
86731
12327
57423
36343
71044
7778
99948
81706
80732
23322
50344
29511
47748
97580
50129
89865
71417
84256
47829
39399
22924
40638
38943
88203
32471
52138
55071
38906
51332
48856
53483
68623
74311
19806
72221
42734
68278
87394
54653
47573
64019
95926
39590
47238
95056
20371
86794
39456
66453
93342
64348
6267
7620
43692
8691
14164
40017
82985
42925
33640
59818
68515
10913
49699
80091
26183
80777
32431
86294
46767
76338
46913
5364
90203
47197
93632
50802
87938
68178
48990
96920
26591
73531
12492
74922
1736
24062
8674
12806
14589
23635
91813
13173
13658
26480
52885
25504
35642
20830
5580
70188
18636
45608
62017
8617
12938
14713
87436
6387
21830
28369
38036
97466
75092
24998
70388
96787
97654
34233
71032
87082
17621
61174
64853
2443
63056
95608
90109
21886
78011
27659
64885
80943
60472
3834
59072
70977
92098
33760
87996
36790
73366
82961
88074
2800
36847
87621
38440
48547
37426
62244
42640
53474
94605
75951
20824
63158
79538
88078
96987
74455
45474
15469
21786
94396
83176
30876
96453
43969
56290
46786
94330
21670
55591
87816
10932
56985
5677
75909
25913
94712
66745
41864
85323
32051
65596
52491
92703
31866
54815
76841
42791
11420
80487
93883
76691
56606
56317
53223
6223
73697
8884
60967
45308
56143
38476
83298
79464
86193
84982
23797
47535
45024
90688
46243
64364
38003
3703
12724
96999
14058
50734
76847
1310
48927
71443
31246
81091
65590
53979
29002
19364
81112
87991
65485
10716
17752
80088
81328
25110
94709
21011
13837
11112
45021
41599
26262
21696
54641
64516
71980
1591
23259
53039
48060
82937
25745
96724
48259
51980
28944
32184
23589
56519
55840
28771
65312
80910
78851
36484
53670
67655
76354
74246
20708
24839
98608
63701
26065
9990
82566
30410
19788
22273
67636
70014
53991
47220
16165
50685
17754
25420
54756
3614
91768
90321
88214
19663
15227
73499
25737
71096
39547
21227
28709
50418
29189
50852
94349
71940
46610
6719
83020
69095
13226
8722
24514
12310
47039
61903
4197
1412
36619
32503
20393
51898
9462
57099
64798
87657
80363
93727
70471
16895
58963
37827
75480
22224
16436
47821
40683
64607
2134
48317
90497
59992
27430
64516
12649
94416
78195
48566
57755
49160
19120
28484
3126
58587
55730
52042
67817
21669
39702
60377
12294
57761
76363
95676
34700
6983
40365
65731
18603
8258
72572
24525
4528
27923
94918
28834
86722
95466
30210
89548
66246
66069
66810
19919
44591
50451
7187
50617
70618
22409
32977
42762
12944
1381
67595
86569
73471
67189
48204
9494
21694
64676
38058
53716
33432
3266
6715
12581
59550
91900
29322
91018
60503
18387
9822
59279
23396
25392
40133
18885
16823
59080
63689
73717
78515
2341
69834
98451
3394
49791
25731
52169
85893
2317
92481
95959
34140
76962
97710
25387
15849
89956
77979
4169
89255
65442
40078
62012
48658
32269
80180
92755
16882
65180
71342
30045
71992
18737
36350
29710
4482
93133
64578
83562
97215
33319
73867
30491
95473
43881
40343
22209
16770
99954
58492
13285
89548
65382
75673
89086
98721
13347
33072
42023
26909
83266
55601
56661
46456
35008
68544
47296
29692
70783
52978
67332
78182
99464
53570
83758
68968
79859
38313
9756
53907
36501
49812
59381
1495
69090
81530
40274
63520
77045
84341
56123
96504
94835
74897
73624
74841
92811
82086
47794
70542
6429
57985
42866
75128
95088
31661
31260
33031
20329
11584
13892
55101
41798
41200
15515
66482
72247
88328
74309
94468
48011
34912
81612
91452
94553
28669
23221
4167
13277
93630
62500
36214
46951
82339
13689
86226
15500
14048
99820
28688
61604
65940
53719
23022
9005
28026
99586
49720
76755
78396
76687
47786
43806
19232
87478
69975
22748
30986
14003
55418
52255
24382
74933
3440
75508
78515
93591
18501
13253
25427
6428
1838
86302
42005
33898
73732
90275
34001
23881
8227
1913
93536
61160
9882
99706
20528
94667
25211
60038
86138
85367
35477
7883
55657
85704
31911
3665
16220
77394
11838
46921
27908
2985
65991
15933
99511
25904
65456
16498
96795
75391
9824
60868
43100
60912
51456
37912
75185
88621
39541
45223
14243
36533
75491
10294
48309
24884
