100
8967
67503
84136
38152
435
31544
63307
59319
59138
93645
49675
12475
44582
82558
69756
16186
6228
23079
25782
19989
47505
14160
97599
81947
42068
92762
78675
97515
66225
75118
54079
5134
10910
46026
45995
60874
47843
16451
66553
32231
77822
94697
45421
55976
72437
81107
355
38360
83117
40052
38052
51320
97392
72613
36639
70750
39061
32059
97156
94451
2668
95621
16114
26122
54173
57170
51663
27945
47877
70606
36947
85694
69404
95746
85114
78373
49239
88949
65075
90090
42144
46118
29926
46978
75935
70747
1922
14152
14646
19540
18428
64477
22806
80869
1979
3636
38992
20883
78015
43270
