60532
683476
84136
38152
1960
575728
284884
400408
250504
280936
223540
250504
2316760
1357288
3818500
24280
9232
175264
278800
250504
142516
14160
2223448
1400164
42068
139144
672136
2108752
198676
253528
1232008
17332
95956
69040
206980
91312
215296
74032
426436
367144
6731584
809008
184192
55976
217312
584656
1600
38360
249352
40052
146500
64960
97392
217840
556468
453328
117184
162304
207520
425032
21688
6810136
176740
39184
1482784
1564756
523096
453256
143632
644164
210436
650752
117124
143620
127672
2480056
332368
266848
593728
144340
42144
103768
182068
70468
6568288
1721140
2884
14152
400948
19540
1276936
193432
51316
242608
10024
3636
38992
93976
1777300
97360
