14128
95956
1489588
125224
34180
905416
153256
99908
113488
194884
262168
89044
27816
25792
732400
77784
182896
1276936
95956
103552
216628
8152
1276936
132352
835432
183028
67204
211636
319192
18952
153448
338560
564064
182068
235204
117124
251752
39040
625048
88324
21688
5176
74832
57400
200272
96208
41056
239056
1099060
204184
563920
304360
79240
542104
714904
103120
96628
205252
59664
149872
79060
135376
250504
2235112
547540
74932
455380
28104
722500
897856
552904
13120
197476
197476
23704
155176
96792
23752
65608
149200
180520
98920
31168
1404052
6760
85012
123604
730456
34072
645136
48776
59776
83012
131188
662416
324052
578500
178048
897856
166696
65104
71984
85300
89528
118096
223720
400948
61108
219184
92928
105784
39364
37448
269728
373012
254176
88432
93588
663712
399976
128464
250504
860704
216736
221992
130900
88608
9328
38536
58552
57880
52072
54096
53188
69640
80656
6810136
345544
102256
20144
272980
82768
262420
238336
101392
197152
41163712
90808
482416
158416
112696
15064
17476
455200
6810136
150496
9232
390148
472120
558304
72016
251080
236032
24936
291976
1154464
267460
4468
12904
427012
81168
229936
1327264
181780
138400
10960
10510720
17668
83872
3328
58384
179944
494080
4845256
62040
73492
439504
140488
250504
427192
125764
30404
88792
296296
81496
888244
296212
23476
138400
351700
11944
9232
165832
118696
547540
817936
190888
250504
56848
516616
83800
251392
5299648
8153620
571264
34872
552904
73304
18528
5728
110464
262408
298564
3284
19248
77632
274912
32264
120388
168388
343924
572020
32272
143680
30980
250504
228256
298888
365416
86128
164632
261304
12376
1482784
631636
86020
560356
61640
190996
50352
279448
697624
79432
95956
323296
796552
96712
613168
192436
108436
42496
433024
10472
658528
130480
251584
34208
49424
211552
52144
49408
79168
301840
324160
86400
236680
362536
220612
32776
153880
558232
398032
2801140
1626856
162904
130192
268228
251908
81304
265012
13444
245812
182068
250504
56584
93880
26944
44980
202984
342952
44224
408256
82456
238288
158056
1040740
42288
440152
40552
37312
289960
49252
250504
40840
542212
51808
500416
199108
331360
95104
346408
1552768
15928
265012
17748
65376
133972
130360
21328
60100
215764
88468
77416
15784
429136
40164
190996
2248720
849040
44064
575728
153952
91736
94768
390292
93616
581416
245320
71044
11668
512944
1276936
136240
34984
50344
1363048
47748
109780
150388
1497688
271168
84256
143488
448792
25792
308608
591460
396916
219184
78208
836404
599056
51332
48856
41163712
694816
501604
100276
216664
144232
259252
131092
207520
142720
288088
364228
481624
106288
95056
91672
130192
39456
199360
575728
108592
50848
7620
49156
39112
14164
120052
945268
137536
45520
89728
308320
95956
223648
608200
176740
121012864
328372
5314408
473524
206368
140740
9232
9875032
141592
93632
85732
131908
552904
248020
1276936
403864
372256
14056
112384
1736
1040740
13012
28816
83104
227176
392200
39520
20488
26480
158656
25504
114208
975400
9232
144340
20968
45608
186052
209680
19408
424276
98368
28744
118096
85108
38036
146200
75092
56248
70388
435544
247192
115540
89908
130624
52864
154852
194560
10996
63056
121012
3897232
599056
394936
124468
194656
819556
60472
9232
59072
212932
262276
250504
375892
149200
165076
248884
190996
9232
629584
262864
38440
218464
250504
78784
42640
80212
283816
1231828
20824
324160
134224
297268
1573000
502576
599056
223072
32680
238948
83176
58624
289360
131908
84436
505924
141496
61720
422152
93796
10932
205396
17032
227728
166048
269728
811924
41864
383956
144232
166048
319300
1407940
47800
1898800
875284
324952
21688
2202856
475288
345112
286576
811924
606256
63016
1195288
8884
462976
258064
568456
43288
124948
79464
258580
242008
71392
481300
250504
90688
208096
122200
171016
25000
39364
15928468
21088
171232
778084
9232
2480056
514996
975400
364912
560356
4733152
69712
176740
115504
593944
196456
18088
17752
2633632
81328
56500
284128
94552
41512
11112
135064
2561704
59092
21696
163924
64516
80980
39364
503008
537028
584656
531412
223072
96724
217168
58480
28944
32184
85048
381508
55840
129472
65312
273076
354832
36484
120760
456676
114532
167056
20708
453256
98608
191104
78196
22480
185776
45616
42280
66820
67636
797524
1037824
47220
65608
433024
26632
28600
175444
18304
116152
270964
198484
255472
250504
4238404
742120
71096
240568
120904
86128
143584
87568
217240
283048
71940
117988
153088
133000
787048
19840
22084
176740
27700
1205584
626776
12592
9232
164788
219400
392020
77848
23956
256948
328048
665656
1029832
1423492
3254740
2633632
335824
170224
75480
22224
16436
143464
231712
981232
4804
144952
271492
59992
61720
64516
96064
94416
351880
184408
657880
49160
19120
28484
26728
444904
94048
78064
514996
65008
89332
203776
27664
185056
343636
272464
39040
59668
121096
899584
190996
190996
275560
73576
9232
125656
213568
43252
208384
143200
45316
100744
149056
198208
481624
201688
857140
227032
32344
170836
105928
127636
98932
250504
12944
9232
304180
2106052
521790496
201568
54232
21688
164752
184192
57088
53716
33432
9232
34000
37744
301480
993688
43984
136528
408400
176740
59776
600208
23396
25392
120400
56656
113560
59080
322432
1276936
353320
7024
104752
443032
5092
4845256
115792
264112
257680
6952
277444
647728
57616
115444
329776
114244
135412
89956
888244
26728
1930120
98164
135268
156976
374596
96808
80180
528280
32056
123748
240784
90136
129760
56212
1048120
100276
6724
279400
314656
125344
3788368
253024
332404
9635920
286420
333232
6810136
66628
25156
486952
222100
45520
100744
147112
255400
6171712
316276
60064
33072
323512
80728
150064
166804
169984
58804
35008
68544
47296
481624
2418820
305908
67332
175912
99464
217240
282688
1276936
383776
654640
16468
242584
109504
95956
481624
10096
103636
122296
774196
63520
231136
253024
284128
183220
547540
224692
73624
252592
417652
295864
80656
238084
19288
247696
77272
95092
95088
94984
52756
222964
154384
11584
13892
8153620
94048
41200
176740
112192
925828
88328
222928
94468
1052512
34912
91816
231496
323512
2092552
69664
60100
39832
711016
79108
91672
2707504
370528
175444
327400
17440
14048
455380
28688
175444
65940
362608
77704
27016
95956
345544
49720
2523796
198448
897856
71680
221776
19232
897856
472336
138400
46480
63016
83128
1906900
400948
224800
9232
75508
353320
631744
55504
39760
217240
10852
9232
436912
126016
50848
73732
406240
1276936
120904
37024
39364
93536
61160
14824
575728
20528
426004
127636
410884
129208
576232
106432
95956
422656
85704
121012864
10996
27376
8153620
89908
481624
27908
51028
445444
47800
6127972
25904
95956
27844
1653856
7336384
9824
60868
72736
60912
51456
37912
225556
265864
118624
1303936
64096
109600
339712
250504
144928
24884
