550456
74356
52288
95752
336616
133000
58900
584224
275416
313360
67480
79648
194344
144340
60676
695464
239056
41072
635416
61216
211732
43792
106036
359944
74356
154996
129064
223072
88900
1080376
85840
23056
370816
1276936
95080
90880
175984
180760
706480
71008
18024
821176
138292
2480056
16680
8153620
48436
67048
2484916
294100
120580
202804
270052
804544
294244
24640
39364
125656
10152
95956
455380
825712
517588
90856
21616
708100
92352
1657744
80980
133000
122308
112336
226960
34216
3809752
12528
8153620
1404052
90160
118096
134368
142612
44980
267928
14308
715696
549556
43072
374704
68160
93904
699352
278800
76656
95796
176740
53492
373300
136672
1040740
31272
1793824
259648
142384
190996
178816
413620
62260
132904
209680
70480
182068
4474600
18448
1276936
445480
94264
67048
130816
104884
341656
32776
84912
1276936
1156
85896
21688
181960
399976
95956
53512
209680
41200
293056
37140
142192
512944
10936
100144
225988
71188
59976
28736
4264
250504
72436
176308
619648
265240
233656
40456
49672
27232
56776
547540
134944
852928
92480
986884
790720
905416
32000
250504
56628
4372
201364
189808
215272
1150180
16384
355588
394144
143764
17092
104920
68020
383776
4372
165544
266644
1352752
499120
321028
40552
433168
250504
119536
13444
112084
952864
275560
131752
11268
243304
287512
243280
95092
18880
86056
346336
349216
92008
420820
9232
329344
6810136
255472
92320
292948
65608
71872
260224
106612
272692
1268944
14068
6171712
6171712
59956
189268
350800
250504
60208
75568
349144
42256
286576
73744
225880
472372
503008
98308
146824
201688
24628
176452
96712
497176
250504
31792
353968
268132
45520
210064
806164
9988
42952
9232
114856
9232
9543796
230416
1006504
3232
133864
2335444
74068
89584
149200
600208
108400
714904
70468
445876
128644
223072
51256
138976
164404
63784
69712
540916
457972
14776
383776
190996
243976
40144
115648
829600
121936
41488
6928
45344
89268
242656
192136
201232
1040740
69816
3258628
1276936
1377808
5908
203776
71440
419632
395440
168136
158128
95956
44224
32272
63700
292912
97216
95956
3776
1730644
12112
81512
44008
9232
158416
82948
553768
95272
45952
194056
367144
9232
6112
247744
51028
32776
150496
77072
262288
76696
35560
68512
123688
381652
103840
26320
229912
110536
290464
54760
95956
383344
84500
103840
28864
69316
13696
136888
50848
52840
141508
131080
99736
70288
284056
33352
56724
1074544
171376
87592
153520
433888
726784
53864
111616
46436
14128
52820
85048
311344
123280
16496
203032
42708
80512
14952
6232
169780
549664
244996
552580
811924
12688
335824
48976
42496
69760
35972
250504
39364
118096
78208
208384
17332
460888
1018960
59776
425572
14632
677968
25608
41300
456676
65680
138904
71620
254404
214216
1237840
98416
118096
34216
32992
22788
682072
66592
625480
945268
91528
258964
50848
253312
400840
202372
216916
30824
1379968
87712
102760
52712
232468
344896
135736
44308
9232
407140
345544
163312
3652288
85844
6127972
54448
68916
67768
31064
121552
250504
45088
476440
1034692
131920
82288
137476
1992904
51604
196072
1355668
201688
196072
209680
65284
621592
128488
1276936
168820
538000
152584
9232
78936
83104
140296
250504
27114424
30040
21444
41748
80260
2007664
733192
57184
19512
31328
248968
153040
96820
107728
29656
619648
166912
236680
313684
172240
835432
113704
299608
8928
204148
142768
250504
439720
1955176
11096
163780
731248
168640
88216
250504
1100608
174772
95956
70504
393496
84820
724948
122032
76516
21688
252052
287044
119188
163024
65104
252304
471904
147076
214360
17332
94352
89296
123412
2759992
240784
84544
168388
383344
33608
38680
3582304
133864
555316
384280
15064
74248
321928
381184
538000
189652
126088
181600
217780
82064
13832
290464
61936
710368
123424
77496
3245236
157552
278800
705184
42388
20052
137860
205744
42544
158164
78532
225232
87496
326248
9232
84964
3786424
26944
118096
1636
9232
62710036
91672
957904
88756
351160
45520
221572
39364
277000
127432
94048
217780
163456
67120
235060
208612
25648
90392
30964
6810136
32560
58628
61504
323908
85300
23104
104488
735640
92212
53424
68452
16648
715696
64132
202264
80512
115936
82484
71764
28596
9232
31720
424
63880
106288
236356
371248
6244432
473668
150064
73540
210952
43864
39316
81268
2095144
91892
116224
6944
153880
427408
41524
92948
231136
5399296
165220
68452
72736
293488
16072
395440
82184
6221608
94984
704032
132196
295444
9984
245320
76228
72944
85828
4549444
118420
281860
758644
203848
26728
2308
166696
83896
71656
41488
105136
79136
88936
201904
219976
21972
212944
1667680
72536
15280
149248
83104
464128
2789152
30048
214372
374200
222568
233512
43268
59776
207832
28384
62864
37096
400948
16484
48904
211732
59992
817936
150064
39640
122308
54592
53264
385936
967840
3256
2126464
106792
136564
82132
32608
104212
2195476
335392
211684
250504
1167856
55600
45844
36448
403864
240592
274216
227176
175912
95956
240388
177856
208384
71512
3220
25000
36052
11656
9232
1702276
89800
15064
21416
117652
3416
497176
102688
286216
73384
2197204
239632
287536
145780
105280
135592
10500
75824
214576
23524
106564
173716
856816
2369248
99664
23396
156112
345544
295408
6810136
42328
225988
9232
155824
484756
253156
141448
17376
1443904
149776
142984
240568
30856
20680
560356
1311928
1276936
540916
486952
486160
478384
1021876
277360
990304
1331152
81808
227284
96820
19720
26820
298240
538000
50848
86560
74680
64424
106288
251392
68056
75264
209680
12040
448432
190996
246784
120880
14308
330676
30912
164752
43792
59632
35488
496996
228112
222784
169648
95956
224272
224512
473344
67696
400948
77496
9875032
56788
84544
125188
119812
37908
78792
197824
115240
907360
62944
110788
186676
182068
63664
1119472
43792
93472
121768
2324752
255040
5044
190996
98064
281716
11104
53972
185524
182068
52648
204928
54160
164536
163588
72376
218368
446308
459808
1264084
95956
774196
180964
37636
52360
71080
28856
61664
17424
18832
209680
129184
1404052
42280
67652
15316
659716
497176
41632
438100
398032
85000
250504
96896
775168
123424
128848
113560
241684
146176
147076
280384
11992
19860
54672
286144
5632
324376
419632
205072
46560
332080
75712
114292
77080
192772
174472
584980
497392
400
75728
6424
164104
377620
110440
33104
19360
53304
430432
468016
287392
235924
163348
134116
675844
172528
266596
345544
122308
147112
629584
89896
103096
3904
246292
26296
250504
48256
33248
135556
80344
101140
678616
318580
168352
9504
229828
215632
124504
295216
12328
236404
90136
37216
1951288
17780
182068
198448
76532
150388
369088
80304
599056
801880
205072
22120
244288
98836
173992
129760
481624
95956
66244
43432
311344
252160
205780
95936
254752
50880
96392
91672
914164
9232
3032
14740
153448
250504
233056
85104
85048
56680
61720
149200
16144
824416
391696
117544
120256
212416
95956
213172
645892
64516
2633632
115648
76624
159124
72452
116800
582928
186064
39364
126064
45856
36352
306916
132868
95956
235540
48704
2080
625048
130228
476008
325888
599236
171268
144340
95956
162628
53632
9232
9232
43432
344968
37108
11012
384640
796552
95656
164680
18736
97336
95956
21688
6810136
226672
225568
250504
5918020
618676
255160
186928
52144
55888
933280
5812
3166504
125224
39636
498472
431296
191824
495664
288232
2561704
232804
182068
262276
739024
166804
69316
243376
129328
594592
97216
225988
42064
231496
131956
593728
38340
103012
164248
107080
205168
1568
63172
12784
467044
312928
30100
184984
45520
12292
41056
53832
1911256
214324
85456
91360
90448
412612
66832
2316760
10312
10376
87904
175120
175108
121012864
302704
209680
575728
785536
41280
34984
326536
7876
25264
875284
250504
329812
190996
190996
39040
103444
132196
19312
93880
58048
63460
168688
64816
680560
61720
155944
65416
35920
80192
15472
16576
97312
102292
176740
227464
164752
116584
504196
1061908
50464
547396
68308
1054132
339928
250576
575728
18736
2164
456244
5623504
74128
350404
85684
115504
305908
240928
41920
292612
59776
293272
108808
274912
166696
91668
183748
73940
255472
259864
1119472
53416
789748
9232
392200
66868
539440
287440
206872
414772
30552
185812
136660
274528
144340
91672
95956
179152
198196
206488
220600
392020
269764
846916
163780
619648
636496
196192
200608
309076
161416
47728
190996
99736
113896
4133428
225988
171904
58708
182248
31828
1462696
36916
68632
695464
79540
957904
2882464
95956
284200
564568
151636
95320
104992
481624
12336
227284
209896
1605256
253192
796552
146104
257632
55364
61480
785860
15316
301912
312712
2752
11344
268960
275560
23812
106324
90520
905416
49300
49908
156148
71620
250504
73912
134872
236356
1272832
27016
410884
9232
542212
29812
7208
223072
102976
205828
370528
1276936
284200
459592
72016
36196
110212
220624
55888
275680
1290328
97124
72168
98116
265216
138400
975400
95956
86372
486304
9232
195604
817936
341152
44192
586600
180520
83840
223072
33892
36712
22384
71776
71400
268888
93328
200116
20068
17664
65988
80692
49760
206248
9232
72880
13552
83536
323728
905416
49312
345544
64228
150964
12288
610792
62836
249640
250504
361744
44896
76624
9232
267904
103876
29700
136888
785752
145072
975400
120256
285352
98008
1424464
179656
124468
47584
299320
84420
56068
238552
268900
147376
1494448
5413552
350728
55520
1200256
199864
86488
198160
697408
23908
25176
136984
599056
9232
190996
250504
875284
1283524
27016
93904
81568
132520
275560
736
400948
194368
203224
217312
262708
40888
38536
759616
163456
189268
295216
9232
190996
457972
599056
320272
180448
58480
723652
87712
49336
375496
247168
9232
250504
86612
2126464
499120
244276
31624
424276
494080
5416
113488
242740
291736
65812
954016
52288
472372
71872
599056
2523796
76516
100420
5956
156388
21764
252676
21652
481624
1205584
145204
293056
42928
116512
9232
57400
251584
65716
66928
169936
345544
114352
82104
1144528
80856
190024
38932
26272
56788
71476
379240
2480056
314656
13928
34792
223072
1276936
455812
207112
209680
205252
128200
209488
5413552
317032
25064
55448
29280
55156
314656
542104
99168
69712
1952
68416
109264
104308
42936
72856
142900
51844
83140
817936
76036
61720
431296
695464
37120
481624
64816
654640
82968
3256
190996
26068
78976
334744
599056
219184
150964
33524
287536
1123936
19144
30532
94016
21688
295768
199636
308608
3337360
293056
496996
9232
32468
551608
58064
485512
244276
46260
12592
1008772
52000
131560
264808
134548
54496
2655016
202984
137476
26656
350080
144880
101416
312856
38608
6980632
436948
1370032
767392
48868
143152
63664
168136
45448
221776
350404
50872
69784
129424
304720
674080
176740
93544
672352
5224
240232
2035348
22144
400840
147760
201472
68416
271204
159784
96100
1438864
38408
25000
121648
1204
240568
6810136
219520
28240
175444
13120
69172
89536
190420
344608
249568
10288
37136
219076
109960
61000
8153620
27928
86640
122344
63104
3934960
65428
2423680
1276936
45088
9635920
481624
98584
628
33424
1605256
25432
104308
230848
41656
116944
104008
341152
282832
426328
265924
663712
248068
143512
599056
1626856
81088
525364
222100
599056
284224
275380
46388
217240
408724
165076
672136
241864
287332
338560
12064
73232
134224
817936
10264
180376
110980
318868
60568
16592
97480
602152
844180
93796
398896
164164
170224
20872
4177168
539440
1564756
332800
8153620
237976
4738228
40120
149512
143248
53864
86736
3084856
434968
283336
171736
129256
59140
157408
78184
28384
242008
5314408
154708
116692
18520
275128
35712
49684
2536
69860
126688
542212
323008
3074920
37072
284308
75796
300328
335716
102544
12432
208096
150352
58648
283336
386368
121552
56020
179332
18856
184984
166804
120328
125440
357208
291688
1167856
24944
192112
5060
157192
5914132
63424
46872
30448
310768
6810136
219496
33352
70832
2484916
267124
198184
476872
202768
150100
109480
59316
67768
137152
164164
425608
155332
199744
1204
195640
79252
114484
44224
174148
1161268
17080
157192
291328
458836
99376
129472
695464
40552
147544
209716
137344
95956
79408
45960
45520
138712
91076
135664
105172
65716
45412
54484
162952
108136
45520
14148
94336
77264
101140
735316
250504
73816
105928
946564
8153620
59668
60148
61720
202480
287656
3733936
9232
106324
771280
28288
19552
37312
85252
82532
299968
162628
73960
159220
29332
118096
55384
26712
70144
6810136
70864
121012864
110464
1268944
458836
193000
190996
25348
711232
308248
55456
88180
223684
169792
1276936
1109536
118624
333880
52
153268
122992
211240
378808
243808
95464
47748
339928
29320
6810136
267280
846916
82768
137752
21780
896020
73096
130048
225988
116800
65108
2752
108628
231664
97072
118420
18820
319624
83752
83636
104704
129328
548692
1024
183688
6171712
29248
89192
104644
2686120
1223080
1404052
250504
222688
54808
3567544
89152
82024
11028
4914916
150040
75624
80920
96208
180904
118096
137584
84544
994516
190996
49408
173968
169828
60820
5224
5835400
143368
15928
374488
363904
494080
74392
70016
9232
1045204
56920
27104
9232
561760
235312
39136
84292
1119472
560356
20248
154816
12968
22816
6810136
50452
60208
213280
75108
186628
90424
336148
61720
13588
1694896
280420
89168
189016
65608
28960
611224
248836
280816
13120
96580
8980
160552
186676
2165128
25972
1352752
74176
225988
846916
190996
78164
1465108
115504
338740
1019140
67768
668788
6424
1928932
291496
200752
6810136
181492
5056
194752
11520
196648
37044
39364
246496
50968
96468
99256
116008
69472
103792
92736
172336
555496
47392
70484
137968
13444
37216
1365172
145816
138400
142216
98920
160
50932
166048
135232
80232
14308
27060
6731584
133936
2141800
218164
121876
237976
1583872
899584
118096
17044
209680
254056
94660
171376
72472
146776
84072
238504
400408
383560
672
77344
18064
314656
152008
975400
399976
32800
45952
156328
3988816
470932
215296
79684
276424
144340
9198520
6398980
285712
338992
139024
84032
91096
361780
737476
135664
44200
250504
952864
9556
89040
1325320
120544
1426408
211156
604096
97252
626452
48568
230848
599056
9232
31280
74176
954016
330964
319300
595348
215764
117664
95840
77848
9232
74608
341332
298132
225988
134728
40040
75488
295864
278104
48328
136132
119536
101080
476260
148852
785680
165184
271960
505924
126664
108736
321460
1801816
63764
118312
301120
329992
315412
269728
145840
81952
400948
514996
30904
247348
175120
67252
19768
184192
28432
366064
160216
9232
475144
498616
156760
3504
73168
126232
258856
620944
340504
48904
95956
18520
257416
164800
293032
224512
133072
401920
695464
263896
207112
51172
107296
1505140
75892
85636
246868
1879360
184084
57480
162088
1080376
65428
176740
25264
256084
37472
1276936
72880
610792
144736
32560
689632
1276936
30256
68788
15172
90208
61584
435616
735316
60244
1404052
11968
194752
107764
7012
280132
306484
2619844
61464
157120
120376
102544
65860
181060
225988
83896
1049488
195856
80512
250504
58552
41776
211528
250504
359152
377944
1108564
46784
209968
35688
2316760
22312
395188
94768
215872
558304
367144
7780
40072
51172
127924
28052
289168
747952
736
33976
91456
897856
634228
517480
9304
1118608
2536
246004
42976
404980
639088
223072
88216
90808
485332
48148
88384
398032
42856
16560
887920
1276936
5216
730456
124276
269128
619648
281956
1138696
212308
857032
74520
52128
71232
166048
422980
161008
314656
1276936
6889048
12832
846448
41584
28288
6696
53096
16936
419632
16948
95956
70036
110536
102712
229336
62368
631636
208384
255472
104020
2092552
560356
375892
15212500
25972
138400
184624
283048
20948
87172
236752
447604
359152
313288
30996
27400
247984
190600
270688
174472
113584
94224
196180
65608
250504
282580
731248
164896
35968
304720
359152
118096
63272
114352
957904
313360
155824
277504
213568
20792
218680
545128
5399296
17476
817936
39112
2423680
50176
2418820
340576
281716
40448
86020
95956
53344
1684
53524
9556
13160
70696
55384
112084
46384
140776
619648
79240
675376
359152
343492
1951288
347956
140884
6810136
144340
48856
250504
1801924
15856
164020
433672
94100
150496
59576
165400
193504
215512
30676
1010392
391552
260872
217240
312064
3820660
49216
9232
5734312
15856
174088
359152
1276936
1268944
312496
229588
61108
44180
134992
98504
319192
499120
13120
10336
431296
1276936
140560
166696
145792
699568
266632
619648
229696
266632
245704
9232
259828
331540
130288
133000
1345552
680884
2324752
93376
137752
429028
45592
20552
436264
10032
51072
48400
405808
87680
177760
211408
134512
98368
78640
190228
359944
59368
70516
18472
136084
37480
210436
96808
35728
50143264
11380
3284872
279664
40552
174472
199744
359476
607984
1564756
34024
78064
223072
2132872
399472
120904
94768
839968
236680
132100
222136
1702276
39364
407968
24964
2077648
103840
395440
37636
45520
8286136
237976
444688
381976
172372
289672
176740
103732
253672
61072
157120
599056
29008
64720
206320
2484916
319192
55936
9232
359152
182248
5988
40552
30560
334852
1369060
250504
1801816
39508
1328560
138400
337588
237760
105352
255472
146500
296116
463624
455380
445876
234208
165604
209680
663208
117124
329992
449764
138400
15616
15812
18484
464776
117808
136384
130288
9448
2165128
302776
272644
211732
206980
144160
680128
124468
73076
365632
32656
118672
43204
250504
27040
93992
45344
76660
435400
184336
163060
139504
11552
144448
58336
165892
17824048
99592
809188
593728
512944
52936
468808
281824
218536
122740
39364
11284
20200
192436
398176
1216456
114244
1484224
575728
135592
2943700
478600
33424
87056
20392
142720
612196
72096
21688
552904
94288
164488
61888
81448
14308
104068
105568
164752
264232
9232
335824
564064
547540
74356
1276936
587572
181828
394936
73492
43728
734992
88180
274576
149992
849040
222664
3248
26008
539440
245248
372112
1963924
45520
238948
118096
209824
55888
144340
112168
62164
59704
432052
93040
225988
95200
103336
51688
846916
2500
401560
406996
244420
36100
216376
91348
310984
18292
509920
779056
57904
8640
41524
64408
92296
39364
2159296
599236
662416
7720
365776
1807252
3261544
275296
6810136
22912
19240
43252
5005636
494080
9028
530872
269728
774196
2007664
98008
226720
80512
166408
63348
40584
95960
216736
338740
63304
99752
36000
247480
2484916
141424
63016
191440
282472
500416
176308
211984
48320
345544
68296
28896
144664
410992
85288
46360
2480056
1276936
53800
15640
377944
156328
911248
3408
25396
216916
244468
52144
1325320
262276
16984
141172
468016
119320
936520
167704
78880
18016
176740
1276936
402352
86288
70468
12004
150388
30356
6810136
156004
265732
728512
184168
42792
342448
253528
1702276
73144
48
91672
575728
33236
123808
517912
355480
155824
66292
175456
153844
46048
133648
90136
70576
302020
102112
481624
1167856
472372
92176
218776
58948
16612
158920
11952
374596
245104
1119472
87748
31896
170584
1247776
80512
33792
217744
439648
70504
30820
145732
427840
293008
134872
224260
610720
44944
271600
63016
60128
156436
215236
416392
69444
29032
402244
80080
430432
209464
2322592
300832
17092
41284
53044
98548
2677588
144340
84292
13120
381976
199384
24736
73780
176740
281716
528280
93076
291076
763720
36916
436480
78948
102112
28276
14344
42016
395440
1276936
36096
1276936
26464
151060
165832
256768
114100
1276936
149200
517912
32884
119056
9232
108400
367144
227104
78424
80692
159424
267604
72544
49888
296680
102016
68692
67120
287968
110776
9635920
239320
99796
662740
28884
165076
89172
68584
95956
66656
5878384
2480056
80980
975400
282580
37032
85348
952864
287764
80312
54336
84692
115504
76768
1482784
1692736
190996
267844
82920
23812
94768
304720
32512
750112
85840
37600
897856
225544
254944
32560
84544
134584
210676
271888
190996
237976
88948
108916
54856
661768
500884
140104
2395492
388960
53188
654640
424456
434968
227860
47944
79072
250504
9448
1465108
64552
95956
178576
259828
9232
250504
225988
133000
610792
9232
222964
1154464
25904
355588
100324
416320
95188
383776
365848
8512
9232
235348
202480
39508
182068
648
1276936
250504
116008
50143264
1100608
316276
255472
162664
23968
54628
396304
68056
6889048
314656
26176
526768
23572
49984
235156
46660
273472
17332
177604
98388
258388
856168
1385584
884032
23720
19156
91504
225232
255472
21088
220480
364228
59440
37744
905416
156328
187936
447496
101716
917080
223072
355768
55072
133864
79828
76864
196720
1276936
145312
9904
118672
8112
85840
219076
52
280420
84952
134836
79216
104164
16948
101392
447172
189844
430432
1605256
168496
24624
95496
662416
83944
85588
65280
516616
289636
74392
56104
109024
240388
77044
124576
166408
287080
36016
231400
135592
225988
89908
250504
29328
180340
62740
19348
61864
269668
116080
15592
59460
146836
3104080
59776
32056
144808
345544
568456
222772
223120
75544
200932
274192
78329320
326320
304720
17476
1276936
126724
118900
151360
138400
70192
897856
336148
74464
8616
118420
167956
217240
13012
46952
189520
470932
178576
194056
1276936
34000
293056
155344
16340
1567672
82224
94552
103336
183760
402388
241864
984148
573640
138400
569968
596104
137896
94660
208384
234880
39364
186784
1529440
433024
2417848
122200
275992
2752
92704
78640
127168
520936
250504
86548
31408
139552
46136
35908
9232
5316
1920184
654964
57812
113632
374164
44224
19188
41920
123400
286672
209392
114964
57832
24856
287032
152116
182608
84672
138580
93872
201184
295864
164932
227284
4133428
718144
806596
345544
276544
86020
49936
215620
81140
36400
774196
1616920
83888
159160
80512
99208
394792
180520
17476
56608
38912
207412
774196
3165316
715696
58768
303640
156388
1039552
70080
75796
121192
270832
621592
400840
330964
166672
58804
16072
115144
8153620
84148
361528
278368
349504
48580
18196
778408
152116
44824
695464
1319380
36352
261316
172528
64712
94768
46944
259072
112984
136744
156004
86068
206368
277396
444688
152644
116080
9232
2631688
209824
296296
195856
78136
2792
9232
650968
181096
24600
123412
86020
51892
106432
159892
808
330208
44676
86920
176740
954016
27496
244528
610900
95956
87088
237352
51908
699568
212896
182068
180352
75544
244960
1469392
63108
68656
31408
24372
90880
132784
1052512
1109536
785752
123028
51496
663712
59704
35288
57688
302020
68608
1373920
53432
679156
818584
486952
6964
512944
2841640
320488
62710036
152728
70084
203848
89584
237328
22804
31192
1951288
5080
662416
341872
237976
3582304
695464
9232
252052
120040
24784
1476
33360
526984
65608
189664
377944
486952
83008
619648
90880
243304
267712
60352
4842016
89368
54676
281392
77000
260800
72104
55684
32296
14596
144340
31444
295216
313936
77288
434320
2942080
899584
975400
215764
88164
74352
499120
241864
69748
9988
800440
6221608
40864
4372
1949344
19600
542212
12148
11860
114352
51784
18388
13908
576772
616552
50920
1026160
18196
7418032
61936
256096
190240
67700
536164
400948
188008
3934960
250504
18628
250504
101920
241684
121984
29536
381184
38928
81040
1276936
23380
227872
362068
187216
25792
35152
105928
112072
8153620
97684
250504
853720
284128
304144
875284
170272
55384
82948
914488
72736
10984
715696
159136
634228
6279424
8153620
106216
80816
304936
111760
2952448
8153620
354904
30216
29568
24800
61720
250504
222256
291472
168208
155248
846916
171700
69316
61252
67768
50916
159496
41668
164752
12688
100384
187576
9232
214720
697408
9232
138400
431620
13480
512944
68056
122512
261472
250504
94576
205396
138400
139840
127060
190996
959092
37816
317140
94212
90448
118852
185704
655936
23056
420820
192856
116608
412936
64200
505924
13480
96152
501928
55312
178900
234208
575728
94768
257896
221704
89012
480004
8200
76304
1008448
49984
89536
208456
32160
26548
350944
57392
1405024
3560164
228532
106432
47829688
91828
740500
2724820
423232
131812
223072
272536
422872
10516
28352
43236
90628
400948
19816
176740
144916
175300
33136
24664
133972
28384
266596
54420
587464
24784
243376
166048
47476
356128
42280
196648
143152
164464
227872
989008
146500
107236
695464
409696
189652
3509728
74224
25144
1404052
224260
300724
93616
227248
2112640
423304
81168
89008
665224
675376
135808
239104
49432
1276936
531988
2480056
2395492
176740
625480
199744
984148
177460
269332
87752
469204
2092552
95956
4624
9232
525040
17152
93776
3156
237508
138400
65992
426328
9232
202336
177604
464128
323224
740392
95668
4763284
23508
164752
481192
38536
11320
207928
86020
59136
188728
855664
795400
416392
694816
1565620
80720
416104
125764
408616
65608
1014280
48564
62648
2780224
163600
449224
115540
15328
366424
89428
14788
67048
314656
201364
498472
91528
85456
63200
497176
182068
37096
62416
644164
8576
142336
1115368
69760
905416
359188
76372
202984
18244
197872
405160
221536
630340
94704
59248
207592
464920
849040
20308
89728
399328
59704
95956
122344
984472
1702276
152584
205360
95956
360340
645460
203956
139456
267520
182632
634048
127636
336976
76768
170800
359152
9232
107656
212200
40120
145960
33048
94432
80512
125800
117520
298132
170584
80512
300832
194560
725920
50840
144196
3952
50143264
221332
146356
16720
853720
256552
75316
16276
139840
1301992
215764
220696
480004
1276936
90808
337048
219760
133000
153664
89224
1340872
90880
58624
251944
1360132
532168
66376
23224
284848
1522132
564244
60328
305512
209812
190996
17338264
520504
160936
512944
84544
984148
362176
8153620
126664
241672
32712
232468
255472
183124
119248
190996
18520
158452
60100
90408
565864
128416
191392
51568
625480
2205952
188224
228904
61108
39364
106900
260200
1039552
184192
53584
90032
164224
16936
99600
79216
260692
35700
45520
493720
28096
75248
984148
239056
15280
153832
155080
250504
12824
24340
97792
67444
774196
257992
39472
553552
55888
476440
76372
33584
440260
190996
71224
21172
398536
48580
326248
231892
24512
22004
286504
30292
140884
1276936
218728
319300
107764
118036
275560
74112
13672
97860
122884
1276936
158008
201688
11392
1083112
41224
226456
133000
60832
23812
39364
5399296
80260
32084
208384
296116
89856
11003416
81156
188692
223684
205144
6810136
6810136
897856
67880
220480
332800
285892
46384
66760
121876
20896
45844
103360
644704
288232
5764660
39364
20980
81232
131200
40356304
53944
135616
183604
725812
574936
1276936
1970080
115828
416
94120
147544
221776
6356
95956
135184
133072
213736
250504
30578632
23220
576232
207616
4372
8153620
161512
695464
321568
229012
333556
15280
599056
98244
48200
202984
604096
138208
56360
9232
11908
184192
210472
547720
1363048
26008
319768
676816
6889048
123064
198772
54688
23956
252832
674872
10448
257236
362068
14740
2558788
190996
47380
3624
41504
208384
116872
284416
190240
109972
71680
17440
42952
260980
330856
128680
51280
245572
497176
69400
250504
10096
61672
96084
536272
95956
219400
5812
374920
213712
596968
531988
2007664
81812
37672
211300
23992
35872
69184
103924
82096
146464
80176
2092552
261736
190996
62096
219184
38416
121168
188608
29672
210964
62248
132820
14308
116896
68688
462184
2335444
153412
355480
287632
178360
19432
11796
71296
73096
9232
77272
20944
329668
723328
45520
24280
554848
61096
34648
25792
121120
53460
280576
295888
250504
166192
237952
363364
378736
48580
190996
1052512
59776
81984
105220
345544
1185352
11176
113056
95128
70048
146404
58920
261556
69640
110272
32560
1093012
4002208
32976
88756
381904
62224
400948
25792
47896
59776
118096
67984
101800
274480
345544
2375080
774196
118096
366568
1216456
99352
60100
160768
675376
11392
295216
251380
7024
103828
140584
103984
83104
378808
79648
56512
176740
222856
267784
250504
159892
127840
990304
245320
261736
409264
173704
39364
274696
11904
116872
296464
78564
1801816
436804
68488
20244
153448
406456
79360
2900
9232
349972
34112
445912
246400
534112
9232
155092
2208
277072
144340
125392
86848
1801816
1216456
512080
265012
87492
5920
263896
3220
296728
831544
197812
34756
132928
82200
120040
259156
218932
99508
109888
164788
190996
156688
255928
397888
1167856
60256
1462696
103876
310336
1276936
634228
575728
329488
130660
122416
123136
634228
135700
1404052
166480
111544
8680
478600
9232
130516
24784
403648
78020
135520
88904
121012
497176
50128
86596
68104
1139668
9232
119464
83104
748600
99844
270052
31588
928
95956
179440
1465108
182068
806272
82996
261520
210004
1776328
71636
75136
54724
286144
58804
32080
9232
228628
274240
80800
409048
208384
542104
250504
143584
21684
113812
118096
2127544
227284
61720
392020
292228
70132
294256
104632
351700
164248
278296
170320
736
1624
392020
250504
897856
215440
210976
107368
213316
2416
83040
42564
1379968
131992
220432
41524
593279152
59296
115504
166048
75844
445876
193624
157336
142660
250504
710368
30816
2480056
36628
201652
266848
59792
39364
1675060
173320
695464
2095936
46168
359152
97712
22400
48136
220696
521296
846916
1392388
289384
1906900
1392712
133072
96064
5440
76120
318544
352168
9232
260980
17800
54976
57376
111328
189796
533464
134368
87796
21460
57944
35728
31156
181384
114928
262168
59776
416320
359152
189844
13616
91060
209320
26008
250504
144664
63592
364552
225988
189268
552904
128032
284308
27460
54592
108160
65332
400840
241432
93184
209680
42680
103048
1145716
61528
24856
273028
299032
167344
1888
141352
151792
600532
155824
101824
1342816
88504
46384
95920
255472
119764
314656
506896
30184
55312
208384
44224
82800
83536
305512
774196
32776
68560
36820
298888
2484916
73588
88352
241108
211828
302020
692872
317680
327220
54736
223072
170944
9635920
228964
237976
230032
226960
78676
61960
10324
90964
56388
166696
73744
190888
59424
134068
100420
413584
130660
47656
113632
70036
514672
94768
65892
9696
64852
414808
15952
1636360
76564
651544
1704400
499120
235924
39064
117592
365776
473668
58804
155824
80296
497608
61396
61720
273616
415528
10852
246724
436264
237976
202468
17776
200932
123604
78868
23144
242224
172456
9232
836872
85264
18048
514672
140632
58024
79216
3232
61072
69640
89880
547072
952864
247480
416824
540916
112912
250504
322216
144484
270592
619648
985120
1100608
17256
36672
201688
208276
542104
5764660
340360
435616
1121524
176200
46312
41944
248488
1319488
46600
178036
1362256
1565620
200320
218464
28420
924208
225988
460240
101032
416824
24676
70000
468016
206224
44624
79504
14704
8153620
13096
31423300
293104
39376
245956
217408
392848
227920
275560
250504
1024
105832
2523796
8728
95956
96608
8896
70504
120592
61720
99568
25204
71440
35264
35908
223072
250504
806164
51028
398032
257728
269008
579904
345544
109396
135784
145780
981232
93040
181840
9232
316456
9232
71908
6810136
975400
106132
96436
89956
9232
119128
2244
2316760
299032
545128
114376
1195288
1256128
235924
133684
50920
85264
247912
39364
90112
210976
33352
80512
39040
5314408
73556
35188
164752
141460
79576
92208
132976
46852
74464
85108
198916
90692
59272
250504
338740
225988
137584
143584
96064
133072
131776
253024
95956
248416
68548
17824048
1276936
9232
15604
2164
599056
78496
1261168
494080
42480
404656
39364
957256
1404052
1042792
46368
19600
146488
406312
51712
311092
218776
897856
9232
149200
96416
190996
198040
118096
129472
18616
25396
52936
115720
9232
27092
87748
10600
2969944
126532
42016
71764
1049272
258280
1236
176416
303172
104404
378808
575728
31156
281104
714256
205072
675376
95956
2474224
266632
18592
283840
15424
2752
2480056
190996
85780
51012
398032
12800
17214496
215872
49360
1311928
981556
2942080
255328
24024
407248
375028
84544
704536
104308
147016
72280
147856
169780
377908
72304
133864
81608
209680
6810136
9988
8152
95504
72544
209680
155824
178576
243376
742120
98564
952864
8153620
711988
818584
126016
65104
26168
97072
45520
314656
36100
351376
87184
17476
1296484
413656
292192
18248
65776
51377488
110680
168964
102952
140872
85544
125764
382048
153088
76120
479248
274480
12040
102688
39364
93124
71380
2176
25640
277792
399220
24784
73956
131560
18592
229768
391444
104488
149200
74080
8510344
113128
181936
147268
170584
55888
69712
1928932
57112
286096
66952
9940
547540
6889048
339028
134272
338740
135412
214468
3840856
237976
56656
50888
181492
53812
345544
98544
1276936
16180
101392
9232
219508
263968
95956
67808
199888
90960
552580
96712
69316
875284
190996
146500
271840
119680
58960
264616
899584
189268
1029328
172744
14384
21688
156724
108880
831544
173032
298672
297160
943144
434536
102688
288160
2316760
47464
12568
1535272
771280
107872
101716
289072
269728
770308
709288
140056
275752
149200
174832
531412
489616
45412
241108
20853016
4224
90424
5300
176740
119176
2316760
269728
203956
17008
86936
4999480
25888
190744
95956
174868
575728
179176
127636
207712
138400
512944
742120
267796
476440
163600
60424
341152
99844
45832
55492
9232
40552
27412
639088
104704
261304
66248
174292
651544
1749328
23812
95956
144340
18244
62816
225988
114496
961792
4381288
172528
64872
3616
61936
149200
55060
125320
333232
136708
275560
527632
1167856
94672
79816
52080
23120
44440
95956
92176
47188
189268
60736
250504
250504
234664
855664
118096
104212
695464
550420
148624
47416
1529440
265864
99880
96712
29380
209680
412504
287440
89224
71956
410164
2701492
42964
254644
16644
345544
65616
280528
123076
535876
86020
73048
69856
166696
317284
218980
190168
4583680
86020
79216
560356
445192
94104
811924
475144
127924
175984
9635920
15760
8656
1132864
1426408
248020
250504
140776
61492
279568
107920
101092
38248
108820
299680
108928
304936
292648
96820
2523796
883384
5
585952
95956
551608
398464
80512
9232
1264084
259252
671056
119860
337048
133000
278800
45412
92320
12004
31264
253528
55888
67048
23156
201904
84832
26080
466720
152008
274516
132496
95956
164968
5
58120
54196
800440
45424
1258072
291988
1276936
93076
246388
35156
9704
65608
209680
91492
73096
287296
73108
102208
530440
187912
1695976
343168
1555504
95956
1616920
159784
208384
227512
295000
1566376
217240
67588
102772
196228
238360
4238404
70720
2633632
840292
79216
115840
391984
9635920
158608
26352
44072
2721112
976
828304
533464
83104
79288
295864
129256
125908
374596
447892
2079592
517588
186208
3508
30832
129652
61540
171268
403396
88176
93460
2161240
120688
278800
170008
46120
29968
324160
14152
163048
107968
193540
774196
300292
709072
64168
55552
108052
243880
294004
99988
785752
5856784
315880
39264
30352
146896
9232
404080
943144
315520
59776
236752
164752
214324
54740
146608
292624
155968
330676
83104
39364
925828
1083184
69040
28564
527632
206692
29248
5984
128464
99664
176740
6352
118888
272752
560356
278152
1360
101824
226036
2560
144904
88804
345544
19828
423412
113560
462184
78772
1482784
81844
1200256
142192
182248
71312
104848
856168
77524
34720
40480
2561704
60436
82064
560356
175444
35248
6810136
70468
126736
171664
298120
190996
120832
623752
51496
392200
147040
134548
949480
722896
346804
138400
70232
583360
174148
297268
148228
262744
243376
116800
62724
155032
191968
302020
975400
37012
152512
190996
37424
32784
341188
56464
1084480
77512
38608
250504
190996
318904
350728
61108
138292
33460
144880
643768
4372
272404
299200
269224
447172
278452
386368
68000
324160
123460
97792
45520
97472
375496
149872
138400
24724
47664
9232
72376
226888
115972
398032
143044
775636
359152
129760
59236
40804
142576
39364
37732
109024
217768
1100608
512944
61096
166624
785752
99300
85048
661768
67120
453256
9232
37000
57232
809188
54832
14308
144664
183688
93616
415528
292696
91108
147904
7616
27832
1392388
65232
9232
115828
344248
315736
229828
32916
72424
659716
250648
40340
124720
57400
95956
191968
39796
1156
32484
100384
203332
80788
310768
15212500
84544
503008
129496
84888
22912
280420
83332
154528
24664
58084
711016
1404052
99304
491668
9232
129616
127672
33524
72880
333556
7008
1089124
529252
128104
219544
424276
42136
46552
15040
494080
28936
2761936
5812
324952
257092
132496
347272
130480
30976
12148
76456
495232
70272
1641040
141208
80360
67048
93640
3162400
71224
155824
899584
279760
201688
30880
534112
18816
216640
137428
313288
266608
621592
176740
258916
190996
50308
290392
29764
9232
377044
213304
194836
74452
787048
671488
46036
10088
294256
32068
1010392
42880
162472
208288
88496
209824
1057048
199636
390760
9232
9808
322324
9635920
95956
91928
42280
40480
1276936
54736
276052
28688
89872
128320
505924
209200
282880
129088
3095152
222640
160864
208384
198016
141232
112408
1441960
33290512
135232
99844
91496
37656
208024
9232
165940
101392
126820
5704
96928
223072
595348
149956
1465108
410308
267784
3646276
424384
117076
211840
84292
23812
14064
38740
110368
98608
58904
465424
970756
77344
31552
25096
542752
12420
136372
42244
207520
45060
184984
176308
182212
8404
33576
663064
550960
1975408
70468
82960
209680
137728
113584
177496
70272
53800
169936
39208
91492
101296
35812
96712
2357584
14984
53812
353320
22192
93976
30292
895048
319300
74932
984148
255472
143704
84336
77832
109252
237976
75672
402244
2841460
66472
624832
1276936
1329424
385396
250504
45296
45364
839320
20104
56080
3337360
117664
363544
222676
304720
9664
9232
48904
267784
70592
209680
352996
250504
523744
352852
539440
63556
10816
104968
2633632
37944
150496
42064
112984
146500
43156
547720
192928
51924
190996
175444
25568
78784
8153620
61216
23476
63028
197152
9232
453760
24712
118096
52564
374596
19528
95956
255112
1461400
86488
292084
545560
75460
631960
225760
130408
46888
345544
90112
169168
317716
92808
189016
20824
13232
111508
2484916
157192
14740
19528
36628
94624
80404
11283280
93792
3720
597184
21040
63192
48904
94264
6109504
9232
139984
41216
134944
281716
80512
55636
82148
191680
246628
56848
216772
170584
89232
14452
1998916
14384
1185352
13312
173392
35776
74184
195280
131272
86808
236356
250504
355264
323188
23632
142720
247048
250504
2092552
207520
269728
25264
386368
79432
13012
392020
35048
184768
8153620
93076
88432
292228
258304
202984
201688
5056
204520
120256
18292
494080
193696
216628
299824
12148
42496
385252
122992
247444
1951288
138676
135592
364228
65608
515860
106358020
159376
410992
38936
31792
330784
64964
568456
9556
247048
174112
153568
308824
104488
507328
133552
117328
203848
332404
250504
315088
207304
96184
700648
89488
66580
76960
20392
35812
295744
13792
48324
55104
39364
81408
71320
92392
385396
123880
319732
11536
1276936
434968
90208
10960
250504
146500
60544
1287736
200896
40372
51784
130216
190996
45952
261040
75400
1029328
83104
79400
714904
42580
1817152
532168
22900
143464
77960
487456
4964
107332
70912
399976
57616
90160
246352
179440
277648
9232
36352
665440
502144
87008
240388
8080
39364
272644
744064
24144
222724
9232
127108
176740
76228
302128
377800
374704
80512
88132
618676
78496
137812
324376
374596
183760
102868
384244
215764
269728
20352
1240648
77272
56968
32776
5908
243376
42548
229300
155668
1276936
5314408
61156
136336
46744
67768
42416
682072
91312
383776
279448
84692
190864
1570264
554740
104008
2500
42136
3001048
75400
118096
324160
261136
119920
345544
88224
52996
176740
330784
35656
195016
733696
146500
10544
15696
59776
55108
77316
421360
766240
374596
533464
270376
75208
88196
374596
225988
271168
314656
138112
457972
13040
345544
437128
207664
849688
25972
101440
281392
654856
237976
114100
192436
433024
223072
63712
647728
137896
57104
250624
75328
61956
135592
34432
1052512
6810136
8286136
250504
136336
66280
180880
9232
278800
293140
144340
95956
145576
271528
675376
151144
135376
53960
221812
63640
53344
320488
1357720
153088
89152
138400
3234328
42304
78976
398032
345544
9520
391444
75160
22408
237472
49876
93928
220660
95956
72736
48912
290740
26080
29428
275380
993688
200080
32056
39364
926152
87136
102868
170584
170260
92356
226528
197728
2116
11284
70528
30292
975400
61840
225988
15904
102544
5940
6810136
51032
6810136
69972
156772
5399296
551824
78008
54268216
1276936
400948
238948
6244432
519748
1626856
49300
1801924
662416
84040
27520
61680
601504
168136
223072
9232
785860
503008
259936
400948
1632
11488
135268
381400
8469844
236824
1329424
5728
39700
65124
40464
48424
21220
31696
9232
1535272
366280
108520
751192
675376
305908
45520
120688
61096
250504
368224
1167856
235156
49508
41920
10240
29428
323512
9232
65608
61208
619648
96448
548692
104704
62260
45928
1702276
6704
14944
473956
138400
38296
404800
25936
240496
260980
195472
250504
253096
114304
84932
415528
218632
138400
429928
235696
36880
51808
33168
76516
888244
32528
161632
144052
65104
823768
51520
14272
52928
250504
56644
279556
155824
135904
653344
478708
120928
10510720
148096
250504
91624
215872
314656
196648
114208
24676
65608
9232
384640
11003416
95112
248452
166696
69316
481192
348784
196720
742120
34864
90340
225988
95632
159172
395368
82528
852928
26548
200176
67048
37636
1564432
55024
50644
19880
608200
47284
11176
334852
36448
98824
82344
485296
1200256
346984
26800
90040
590704
134944
144784
94276
363040
33112
9232
36656
118096
320488
498472
297160
89012
6810136
68992
85732
364336
45520
118048
346336
1762720
99928
1261492
1017412
55344
89716
1801816
486952
2019328
20853016
71656
695464
9232
2794984
27988
554848
41200
35956
345544
29968
102532
1276936
1276936
93040
39364
636928
74176
134404
71764
123928
176740
145972
89992
87568
997108
90448
5314408
9635920
295216
416608
220624
165400
44692
131092
9232
742120
67208
395440
60564
2080564
95368
715696
288400
349648
34240
241864
202336
131908
40048
2324752
66760
61672
66304
25560
54788
274312
131440
96196
4159672
255076
78512
765448
191860
104116
68128
253780
72232
744064
85840
73060
6810136
132496
14747488
320488
96208
359152
47236
21688
100
25972
648628
190996
61000
9232
12392
2248
27114424
29416
384640
374704
464776
41524
1040740
21220
183688
837700
269008
27700
422656
87492
114004
555496
3616
85192
45824
116800
224404
408400
250504
3166504
672136
89152
144160
63016
71764
35588
1404052
1217428
3509728
218536
78600
172672
61384
388960
112360
55092
64984
58408
267028
131200
68040
68308
75808
680884
45520
289168
13024
73348
90340
40592
400768
31768
246868
305512
1116808
774196
491344
497176
4192
447928
1276936
2127220
27376
250504
493396
46024
1276936
11320
14100
55492
153880
1336984
112852
908008
24448
50276
914488
166912
2721112
83332
26728
115648
18068992
250504
665332
403360
732724
179920
120808
176740
541780
53728
352168
36420
220576
954016
514996
22696
223072
303568
102736
215944
45520
1276936
361060
190996
13336
336616
372292
220072
26704
45520
250504
69280
225616
250504
76336
133864
190996
32920
16552
26728
19568
176740
68864
59744
250504
121588
130408
84400
132352
56644
120736
250504
345544
141784
857032
86020
857032
59056
6980632
120472
1195288
10096
2836
5734312
163780
80152
162772
77488
188224
610792
122212
481624
215872
147496
5764660
1739392
32272
4180
142360
23264
135616
1465108
317140
423304
679156
30112
95092
72208
277204
104164
82480
273232
83440
69280
158272
76564
72128
172852
65608
51124
63504
354112
20500
98944
402352
33172
479572
437128
407968
110788
134584
190024
191536
3934960
82740
604312
1793824
77524
87408
15856
205540
9232
59688
55924
121576
61012
87208
323008
158920
91672
55348
129760
9232
73448
33512
77440
190912
48340
17332
305908
260980
2324752
321460
200392
10880
359152
144340
575728
1329424
55840
138400
265588
70680
95956
1100608
335824
37600
93076
106168
100612
52420
122644
25264
143152
534112
82372
165376
286120
139012
97120
400768
347380
113560
138280
284260
40536
6810136
1039552
96712
79312
9542608
1532356
158920
144628
297256
771604
200932
148360
85200
28372
547540
240568
2368
413080
542104
62024
76356
36340
17680
233008
13888
695464
125872
314656
341332
634228
72096
20500
494800
1119472
1100608
19600
245968
165520
320488
280960
6064
1216456
169924
69640
111508
102712
1352752
107728
331648
106048
56968
332296
63016
34792
189520
1616920
150064
243160
189760
139984
610900
228724
168280
90304
55888
39808
345544
345544
73060
324160
246160
50132
260800
280168
1276936
20896
127144
176740
254176
644164
20896
326356
50132
92800
73668
33352
151936
37888
337264
6810136
36340
247732
250504
125056
2322592
3818500
345544
69088
257368
4804
41344
593728
319192
190996
279520
37048
55888
46772
18276
96532
10292
362392
345544
310768
144340
599056
92212
59604
126820
58128
87560
550960
857032
905416
1309768
46808
163780
9232
53776
225988
205504
634228
512944
250504
134224
9232
348424
148048
116824
2244
97376
129928
417940
400948
259348
95956
330208
178180
225988
57112
149140
91456
359152
39364
130516
462400
53944
232
1045384
66260
44144
104536
164680
468340
32596
2030992
125764
95956
175120
265264
101392
227104
5399296
2316760
49240
50056
269728
134500
234340
91144
6856
401092
139841152
13120
2079592
95432
32536
93748
1092040
176740
88
321568
157876
219496
9232
115480
605392
19104
49792
10528
21760
28216
27572
453256
1801816
20560
110104
52064
354184
20168
1276936
198016
54100
23968
954016
284104
833812
7985464
11668
149944
121876
217672
49840
129760
133000
44224
297232
66304
77344
95956
243376
1336984
61720
120472
54736
75328
61892
74356
400948
1791880
332584
216376
200932
144340
209368
336472
68488
64672
345544
116692
67392
5399296
712960
517588
144340
1052512
53416
64200
95264
695464
41524
38296
131956
9232
53264
44440
99028
6889048
221104
2077648
106358020
215620
304720
75840
541456
58804
76624
89368
50260
73076
89908
831544
266632
1692736
263104
9232
132628
125812
568132
88368
98008
9232
73908
19012
121528
32056
112384
120040
33856
345544
176740
39364
102100
96088
39364
42208
118096
71872
875284
210880
44224
1093984
52932
66376
275560
32776
345544
94660
887920
251872
540916
40072
2612464
114544
99936
260872
88176
67768
69160
163648
144616
1276936
144616
270448
675376
15712
69784
22896
107440
43072
39364
191896
110536
420280
120904
382804
43312
113092
560356
32920
124144
151576
2484916
13136560
899584
9232
2484916
37636
36304
196456
262840
149848
168820
459160
1702276
92008
385576
144232
833812
279688
139876
8153620
365776
107728
110020
313432
257416
15328
175552
304720
72080
343924
174292
92968
30148
124468
228688
39824
46744
345364
130768
81172
53944
145780
46816
191320
552904
217744
225664
99520
23104
57652
421072
197224
82720
250504
59704
337768
86864
191572
209680
1276936
138976
22536
58152
70784
50416
123748
60568
113560
311344
103336
190996
34072
250504
539440
680884
99844
32488
11032
250504
1906900
84148
139336
58804
656800
61936
149200
61936
9232
19268
1195288
57216
962008
125872
284128
806596
355588
73168
808216
27040
962008
1058992
120616
60100
118096
494260
512944
66580
193288
135808
9136
189808
440224
884032
197512
86020
9635920
56464
63172
176740
9232
70312
18160
225988
2752
203956
319300
103768
118384
63184
26080
362464
41112
301300
635200
283432
85588
71272
134656
105520
272968
57616
199492
151252
115252
242512
337588
1363048
436480
179152
108448
118096
792016
28216
84292
64960
34072
15504
73792
118744
20704
701296
228424
13444
3166504
332800
250504
282052
574936
62848
42772
95668
202192
468016
130960
36544
75972
499768
242836
86020
383776
41136
175444
3796
283048
345544
177472
376144
156760
14308
92968
1256128
63336
29968
223072
97192
1672648
89688
125152
112564
178612
94768
282724
65704
44632
45328
184516
219508
975400
347488
96564
392020
629584
9856
226756
61396
270532
153448
539440
897856
176536
50632
67012
539440
1115368
2335444
418984
1896856
219460
104788
305512
85696
525364
458296
77524
91744
2202856
5399296
44224
622132
345544
67380
50960
57140
107728
188020
315952
64132
340360
219184
24136
83480
264532
3407344
391984
1100608
371608
97856
9232
31588
166696
160144
199960
61864
103120
376000
80512
27928
133144
168208
161620
121120
33424
19120
18176
1548880
173824
3940
102976
144472
32
98116
1276936
113620
14896
77140
8152
619648
12448
1473064
293056
18528
462184
31712
523240
44824
77256
240544
37812
4408
1216456
2316760
101248
38560
363616
1146472
127624
67776
158920
66784
40624
138400
23668
120832
88504
32596
6810136
77512
9232
278560
672136
954016
73448
792340
218068
50344
194272
2035348
136528
35392
485512
599056
135232
9232
181384
143380
295684
190996
56068
187912
11908
857032
123700
176740
323512
341008
70792
155572
1667680
560356
59668
194884
438208
401812
345544
190996
15928
97888
90880
93364
16648
61504
131632
102688
634228
6810136
13792
196000
367684
306592
109672
297940
400948
178756
1119472
49232
381832
98548
464920
73924
846916
95956
54448
56680
2952448
410884
226600
244276
100096
9232
208900
250504
69808
18196
9232
16484
4898608
169828
619648
1052512
250504
864592
165544
9232
12208
3232384
411460
95200
9232
231496
199744
21688
61080
319300
1465108
87892
123604
180568
185920
849040
120580
240568
84616
39952
60312
453256
118096
46552
176740
190996
250504
984148
9232
215764
700648
88648
58048
88640
130228
410884
296296
29140
50416
602152
143428
481624
540160
131128
138400
250504
57652
857032
88660
207256
90144
68480
73384
293812
81160
231232
17992
63940
87208
81376
619648
1389472
287764
118888
31588
67860
2407480
297844
103012
94152
635092
245320
223072
59416
84496
87412
93844
32416
569896
744064
575728
95956
57028
560356
166048
36232
29032
62710036
154528
343960
49216
710368
205000
143416
13588
289768
344248
42064
174544
76192
74464
325780
23056
85840
168856
6244432
100792
2480056
589192
418768
1089124
202936
421684
35188
68292
10240
94560
176356
389824
254176
90376
41092
146260
18880
82024
33352
31528
92852
67864
96928
55144
313288
6980632
142720
97924
60136
87892
190816
251908
88704
57652
20032
23464
43584
230740
290356
111508
55384
520504
9232
155824
2585032
76660
50848
634228
279448
93156
6810136
42340
89584
66100
57544
9693268
1276936
162244
250504
172744
6150328
60532
338740
15088
104308
164932
100384
5535844
182248
60100
16288
20853016
15640
110788
152008
207412
55384
113056
136072
231568
49192
3220
91672
399076
133000
109636
26080
438856
59668
37744
143296
53188
173428
395440
323584
144304
93040
201400
68608
72132
9232
35204
62272
1276936
140056
57736
560356
131248
34996
219184
68784
60564
558736
268552
20752
5384392
14560
147112
336256
254752
831544
604096
9232
250504
1107592
335824
553876
6810136
539440
9232
81288
183496
91924
849040
56
1426408
49768
284296
214324
98824
116176
110128
560356
5780212
60820
59220
437812
165748
218032
600208
286900
43760
67624
176740
328048
345364
106324
206872
176740
1850200
366064
9232
405808
115072
269728
8644
295504
61060
131812
46960
12944
66772
9752
345544
14344
975400
274228
657880
85972
203752
200788
213928
917080
777112
32356
1052512
9232
78640
80404
103720
258280
402244
599056
131524
305908
610720
112900
9232
12328
21904
287752
81360
943144
250504
65848
201688
10983112
975400
386440
3856
229432
69316
274480
22912
657880
88324
166696
112336
266632
263896
357208
144664
59776
218680
675376
15124
17608
30184
8548
43536
237976
100840
3786424
125440
11824
157192
599056
5856784
2360
114208
41776
621592
31088
2752
245680
354112
51396
250504
359152
45016
155368
11284
52504
147880
856168
113200
122656
122200
564064
19360
67528
151108
3166504
66392
117988
1404052
97728
439504
730456
258208
160432
1276936
190996
97600
187108
400948
94768
436264
85840
219040
13336
2092552
318004
293488
9232
202228
76192
4852
1564756
137536
284128
497176
3934960
66904
293056
1264084
61720
252328
333232
416068
297736
238384
39940
192832
171844
245140
548692
130624
84096
208168
197872
293416
152344
306232
1702276
44952
952
28900
453256
55888
223072
101296
429136
62176
23920
210328
295216
26368
422440
524212
194200
296296
101572
166840
166696
8080
129760
578392
118144
138400
209680
262168
118504
619648
223720
485332
13120
15064
159700
25792
11552
194272
61000
85048
37232
770308
274912
118576
22980
12628
30400
342736
79120
118096
73780
283012
32712
131428
1077784
178576
45592
211336
57652
106984
9928
60740
176740
111544
38328
250504
104008
1482784
1532680
136708
244276
145684
108232
317572
129760
5399296
118132
400948
196288
846916
69064
487780
250504
41524
246400
38356
395440
545236
731248
105748
576232
97864
226840
39364
6496
22120
407968
62132
39400
134548
53344
61248
49992
352996
250504
80512
52648
76084
41524
71808
179044
94912
43864
217240
69256
216112
49288
153268
218680
28176
532168
68200
897856
90464
71872
20896
97440
6810136
2407480
86616
50872
647512
24692
1357288
11608
281716
51424
975400
86576
51296
572020
123460
91672
9232
147796
897856
225604
9232
43892
204712
176740
237472
192436
191428
206368
738052
46336
408400
69712
52000
66500
2480056
37528
57184
27700
1057048
280
265984
48868
162544
1200256
9232
31156
124720
91192
190996
320488
273220
448
2701492
45408
10536
80980
138400
211300
250504
274120
367144
369592
94984
8548
9232
558304
565648
56260
73368
28752
47344
237652
24292
359152
1357288
124144
232660
74328
144664
390256
32488
91060
71560
8712736
196792
52852
102292
9318400
36352
37440
676996
365380
424816
44308
71224
189952
385396
57832
69304
1721896
39144
522664
252052
963412
128392
453328
71760
1167856
88264
497176
359152
93364
25556
72004
201940
4297048
65608
796552
221776
1329424
248644
1167856
150880
134116
95956
579904
14868
61720
115828
53704
100096
175444
6810136
575728
39028
53040
144448
225232
123796
172180
532168
570400
45672
163744
433672
43560
31624
13840
426544
565432
116560
91636
220084
44728
285952
27296
105784
19780
128728
65608
2879872
82760
183040
827476
989008
250504
47680
6356
32560
674080
46384
34648
61096
118960
24340
49264
55348
27472
806596
10296
74932
321748
21688
78388
390832
808
5413552
480868
4845256
1276936
423520
269152
2316760
130480
345544
15832
723976
275560
23704
1818016
224128
346336
724624
10128
302992
24816
106900
3267376
465424
41524
167476
129268
188800
81520
9232
954016
157552
32452
94392
6810136
170560
3166504
337768
1080376
281344
464776
39184
316240
497176
630340
2464
80392
182368
225748
258388
9232
43828
607984
80944
1892
135592
48868
133492
8728
2449924
39072
1736
618676
40804
22192
2188456
1998916
14292
15592
225808
415528
107584
2480056
204928
146752
272752
95056
916
345544
200968
213712
166804
32056
8153620
564244
1357288
102724
87556
76932
1721896
123928
90664
35176
87448
2038120
55432
190096
1276936
899584
68440
190384
247840
237976
184504
74400
137428
75796
81000
5984
66832
9448
68500
774196
304720
335824
132196
5032
51300
270052
682072
413152
288208
75796
215044
101716
149236
359152
190996
65608
368800
202960
150196
166696
196660
35668
10816
176740
58384
43824
2145040
6088
30532
402244
355732
178816
20104
9635920
69064
50896
10328
57616
49012
42088
30788
211936
491668
163024
245704
32964
39112
44112
87656
78808
18628
90464
261232
40744
118096
2045392
3268
14308
190996
232288
261844
81508
34180
208744
1217428
326752
140260
170176
3494824
324736
69712
82964
154036
17476
60344
234580
101248
80064
273844
466072
13072
276292
376036
211336
281716
497176
817288
290464
67396
99736
41272
225988
464596
228580
90608
146164
95956
122920
400948
250504
26968
243808
286468
142432
114208
9232
139168
60616
283444
57184
61720
242656
80128
10528
71908
44500
186136
73384
106552
323008
17332
250504
270376
39364
16072
817936
1552768
120580
98968
89320
420532
123064
119464
42280
69520
211552
166984
155824
76648
9556
1431268
39124
354904
305908
51136
237976
680884
555496
133648
214324
481624
399976
56276
712960
134836
885652
575728
52148
93844
592648
120304
91600
56032
56320
20904
119536
105412
155032
250504
199744
68528
92008
202984
159856
49300
22120
486952
298132
447604
242512
605392
16576
728512
122308
20896
164752
23488
181744
189400
69748
197476
179764
93616
2252608
58792
190996
943144
140392
158368
111256
286576
163744
552904
481624
5476
255472
547540
9232
240784
25092
78580
185056
166048
320596
160480
42356
250096
230416
103336
11320
57832
47144
114208
83128
112000
55028
61216
44148
68056
13444
315232
239860
59668
505492
14308
4737040
765448
896344
95380
250504
235060
120256
180592
1276936
495556
6596
216880
616084
258064
83104
37024
72772
120724
223072
395440
998548
55120
16552
542104
61072
24280
179152
63904
91732
129604
34720
115720
60528
52372
56320
152116
190996
337588
327940
335032
86176
6064
75060
212548
145672
181492
92500
227632
474712
85840
11632
890656
120640
43792
151360
194200
12160
59936
94228
62104
604096
119284
59668
14032
573856
305908
255844
2879872
73492
10320
90712
182248
55384
2942080
37512
71344
407968
223072
610900
9232
215512
51668
28384
496744
621592
345544
96928
121120
54712
31684
152584
494080
14176
65432
73600
1511944
143044
1336984
150928
269332
137968
172600
94208
234628
41872
135700
129604
311344
407572
95124
200836
83248
39364
80488
48976
434248
11588
236896
249640
83000
141856
70468
55456
15920
174148
84020
385396
84544
28420
148432
97720
250504
87208
25528
649024
347668
8308
40624
1692736
145336
124288
73816
1363048
1369060
28697812
41904
463300
644164
392200
108592
2316760
49304
16900
52432
250504
138400
354616
679156
250504
36800
55384
230848
395440
17780308
114208
332944
738052
154420
65608
6810136
223072
30292
24024
232360
404836
97024
37032
54944
250504
280420
9232
205720
10948
14560
109240
847744
48560
15640
375496
43016
430648
48008
631960
51892
18952
1214512
30436
39364
11968
75956
91024
1109536
32560
19204
102496
171988
265732
284128
9232
287044
190996
34896
59992
