
14128
36844
1489588
98936
34180
198472
153256
99908
100876
194884
184120
89044
27816
25792
732400
77784
182896
96844
35476
103552
192556
4828
68976
132352
835432
183028
67204
211636
189148
18952
153448
300940
352132
56824
235204
92536
251752
39040
625048
88324
9016
5176
74832
57400
200272
76012
41056
239056
651292
204184
563920
304360
79240
338416
714904
103120
96628
205252
59664
149872
79060
135376
33760
261628
90020
74932
284272
28104
642220
258820
552904
4600
197476
197476
14044
137932
96792
23752
51832
139696
63388
98920
31168
109564
6760
85012
97656
730456
20188
339820
48776
29468
83012
131188
122524
324052
578500
178048
54604
104056
51436
71984
75820
89528
55280
223720
146296
61108
219184
92928
105784
16360
37448
99768
373012
178504
78604
93588
663712
140452
128464
47428
860704
216736
131548
130900
88608
9328
38536
58552
57880
52072
54096
44260
69640
71692
127492
212704
90892
20144
272980
82768
262420
238336
53404
77884
257020
80716
428812
158416
66780
15064
17476
404620
64636
74220
3684
231196
174652
441124
72016
223180
236032
24936
291976
266620
267460
4468
12904
379564
81168
229936
1327264
181780
40432
10960
10510720
17668
83872
2956
58384
179944
72196
1701484
62040
73492
439504
140488
87964
88888
125764
30404
78924
296296
81496
888244
296212
23476
63876
351700
11944
3260
98268
118696
160036
95740
150820
68524
56848
136060
83800
251392
367612
36728
338524
34872
76700
73304
18528
5728
87276
262408
298564
3284
19248
77632
274912
32264
120388
168388
343924
282148
32272
143680
30980
65068
228256
298888
365416
86128
164632
103228
12376
91420
147868
40264
442744
61640
88072
50352
279448
217756
55780
35476
323296
629368
96712
242236
192436
108436
42496
228088
10472
658528
130480
251584
34208
49424
211552
52144
29276
79168
268300
126316
86400
147748
322252
220612
27268
81052
496204
139768
1106620
964060
162904
130192
268228
251908
72268
235564
4716
245812
22444
47428
56584
93880
16812
44980
80188
338308
44224
408256
82456
238288
93660
616732
42288
173884
36044
22108
289960
49252
96244
40840
285604
51808
500416
199108
331360
95104
346408
181756
15928
265012
17748
65376
133972
130360
21328
23740
170476
88468
68812
15784
429136
40164
78300
526444
670840
44064
70984
153952
91736
78860
390292
83212
581416
245320
71044
11668
99948
122560
80732
34984
50344
199204
47748
97580
150388
269596
214252
84256
143488
265948
22924
308608
591460
396916
219184
78208
836404
58360
51332
48856
240676
694816
501604
100276
216664
144232
153628
131092
163960
142720
288088
215836
89080
106288
95056
91672
130192
39456
199360
472552
64348
28204
7620
43692
39112
14164
120052
248956
128776
33640
89728
308320
32740
223648
360412
176740
242332
328372
194164
473524
114508
140740
5364
405916
141592
93632
76204
131908
102268
248020
96920
403864
330892
12492
112384
1736
616732
13012
28816
43768
106360
275440
39520
20488
26480
158656
25504
53464
105460
5580
70188
18636
45608
186052
25852
19408
44140
87436
28744
49120
85108
38036
146200
75092
56248
70388
435544
219724
102700
71032
130624
52864
137644
194560
10996
63056
95608
270328
249316
351052
124468
194656
819556
60472
5752
59072
212932
138148
33760
87996
82780
165076
248884
132112
2800
373084
262864
38440
218464
56140
62244
42640
80212
283816
769012
20824
142108
119308
297268
436444
502576
68212
46408
32680
94396
83176
30876
289360
131908
84436
70180
141496
48760
375244
87816
10932
170956
17032
227728
77740
94712
200236
41864
383956
144232
65596
236212
1407940
47800
832516
230524
288844
11420
543292
422476
345112
286576
168952
359260
63016
221092
8884
411532
45308
568456
38476
124948
79464
258580
191212
71392
481300
45024
90688
208096
64364
171016
25000
12724
654748
21088
171232
778084
6640
743092
321496
105460
364912
147580
242908
43504
19364
81112
593944
196456
10716
17752
80088
81328
56500
284128
94552
41512
11112
135064
1421548
59092
21696
163924
64516
71980
10744
104668
537028
48060
248812
77236
96724
217168
51980
28944
32184
70768
381508
55840
129472
65312
273076
354832
36484
120760
456676
114532
167056
20708
167668
98608
191104
78196
22480
185776
45616
19788
66820
67636
797524
364444
47220
48496
152056
26632
25420
54756
18304
91768
270964
198484
199096
68524
330748
77212
71096
177964
95524
86128
75628
87568
50852
283048
71940
69916
153088
83020
466396
19840
13084
36772
27700
1071628
626776
12592
1412
164788
219400
61180
77848
21292
256948
328048
262972
361636
1423492
475684
1299076
265336
170224
75480
22224
16436
143464
183076
981232
4804
144952
271492
59992
61720
64516
37948
94416
351880
109276
259900
49160
19120
28484
7036
263644
83596
78064
203452
65008
89332
181132
27664
173284
343636
95676
34700
47140
121096
295792
83716
12388
72572
73576
4528
125656
213568
43252
130084
143200
45316
89548
149056
198208
100216
201688
451492
227032
32344
151852
105928
67228
98932
64144
12944
4144
304180
259708
3766012
201568
48204
21364
164752
64676
57088
53716
33432
4900
30220
37744
301480
91900
43984
136528
408400
82744
49732
600208
23396
25392
120400
56656
113560
59080
191068
221152
353320
7024
104752
443032
5092
1701484
115792
156508
257680
6952
277444
647728
34140
115444
329776
114244
47548
89956
350908
12508
602476
98164
135268
62012
72988
96808
80180
417400
25324
65180
240784
90136
71992
56212
931660
100276
6724
279400
96868
125344
2214700
224908
332404
137212
286420
131644
272320
66628
25156
149932
58492
39856
89548
147112
227020
3424840
296164
60064
33072
283660
80728
124900
166804
169984
46456
35008
68544
47296
29692
2418820
79468
67332
175912
99464
80356
282688
68968
359368
114940
9756
242584
109504
49812
178144
10096
103636
122296
60412
63520
231136
253024
252556
96504
426760
224692
73624
224524
417652
184696
71692
238084
19288
173956
64300
75128
95088
94984
31260
222964
60988
11584
13892
165304
94048
41200
69820
99724
487672
88328
222928
94468
216052
34912
81612
91452
283660
86008
69664
28132
39832
711016
62500
81484
316924
370528
41068
129340
15500
14048
99820
28688
61604
65940
362608
77704
27016
42040
149380
49720
345400
78396
776464
71680
221776
19232
196828
472336
22748
46480
63016
83128
793636
185164
224800
3440
75508
353320
631744
55504
39760
114424
6428
6208
436912
126016
50848
73732
406240
102004
71644
37024
5740
93536
61160
14824
149560
20528
426004
113452
135088
129208
576232
106432
35476
166972
85704
215404
10996
16220
116092
89908
140764
27908
8956
445444
47800
671704
25904
65456
24748
435580
2576284
9824
60868
43100
60912
51456
37912
225556
265864
118624
305260
64096
109600
339712
23164
144928
24884
