
60532
683476
84136
38152
1960
31544
284884
400408
88708
280936
223540
56140
100312
940408
69756
24280
6228
155788
58012
59968
142516
14160
2223448
368764
42068
139144
354040
438820
198676
253528
1232008
17332
55240
69040
206980
91312
215296
74032
199660
217564
6731584
284092
136264
55976
217312
364984
1600
38360
249352
40052
38052
51320
97392
217840
556468
358180
117184
144268
97156
425032
2668
286864
24172
39184
162520
85756
523096
83836
143632
238300
166264
650752
69404
143620
127672
235120
332368
266848
292840
135136
42144
103768
67336
70468
1153276
318364
2884
14152
32956
19540
18428
193432
51316
242608
8908
3636
38992
93976
1777300
97360
