
489292
74356
52288
95752
210136
52540
58900
584224
275416
313360
67480
79648
194344
25340
60676
101620
239056
41072
223132
57316
74348
34596
94252
319948
74356
154996
129064
16292
88900
126460
80368
13660
97660
61288
95080
90880
175984
180760
279100
71008
18024
288364
138292
125548
16680
82652
48436
44076
53796
294100
120580
180268
106684
595240
294244
24640
24184
125656
10152
87304
336904
825712
382948
90856
21616
708100
92352
194044
71980
93400
64420
112336
226960
34216
445948
12528
139480
109564
80140
62200
134368
142612
44980
267928
5944
156892
135532
40324
374704
68160
93904
699352
58012
76656
95796
93092
53492
373300
136672
256660
31272
279964
259648
142384
27888
178816
413620
62260
132904
45956
70480
67336
349180
18448
76504
395980
83788
66116
130816
93228
341656
25892
84912
32760
1156
85896
18036
181960
350656
44920
53512
103408
36620
293056
37140
142192
337336
10936
100144
139120
71188
59976
28736
3364
219616
72436
97828
150748
265240
184612
40456
49672
27232
56776
202552
71076
199672
92480
877228
790720
188404
32000
28092
56628
4372
201364
189808
215272
403900
16384
355588
311416
143764
17092
104920
68020
359368
4372
87196
266644
475036
207724
321028
40552
385036
32524
94444
7076
93284
139252
60388
131752
11268
170872
287512
243280
95092
18880
86056
307852
349216
92008
420820
4900
329344
121036
39868
92320
292948
20464
63884
154204
106612
272692
234712
14068
118780
105580
59956
88612
350800
57820
60208
75568
349144
42256
113212
73744
178468
310660
264952
98308
146824
201688
24628
176452
60360
286696
213352
31792
353968
268132
19928
210064
447352
9988
42952
5764
90744
380
261532
230416
186172
3232
94008
546748
65836
35388
82780
600208
108400
714904
24740
247408
128644
61880
51256
123532
164404
63784
58004
379888
457972
13132
134764
35316
243976
40144
102796
145660
121936
41488
6928
45344
89268
242656
192136
201232
152092
69816
381436
9700
1377808
5908
181132
50164
294712
156220
149452
158128
27628
41396
28684
63700
292912
97216
17740
3776
1730644
12112
81512
44008
2064
158416
82948
328156
95272
45952
194056
305584
1348
6112
247744
26872
30680
93936
77072
262288
76696
35560
68512
123688
381652
41020
26320
229912
91992
181324
54760
56860
227164
84500
103840
28864
54764
13696
136888
45196
52840
141508
131080
99736
62476
284056
33352
56724
503116
90268
87592
153520
433888
430684
53864
88184
46436
14128
52820
23588
181996
73052
16496
203032
42708
75380
14952
6232
169780
549664
244996
552580
225268
12688
335824
29020
42496
69760
35972
80008
19096
61316
78208
205552
9124
460888
357820
59776
425572
8668
677968
25608
41300
180412
58380
138904
71620
254404
214216
1237840
98416
86116
30412
32992
22788
159676
66592
219640
945268
91528
258964
31732
253312
222424
202372
85692
30824
765772
87712
102760
52712
91836
344896
135736
44308
2092
407140
149380
163312
200164
85844
223900
54448
68916
21148
31064
121552
17788
26716
476440
1034692
82348
82288
137476
1771468
51604
116188
198124
94428
196072
209680
65284
163708
128488
290500
168820
149260
135628
7288
78936
38896
140296
22516
57980
30040
21444
41748
80260
69628
651724
22588
19512
31328
248968
153040
96820
89656
29656
229228
166912
62332
185884
172240
835432
79852
299608
8928
204148
142768
23356
439720
1955176
11096
51116
385180
168640
88216
71152
60316
174772
93256
62668
393496
84820
254572
122032
76516
19276
59004
255148
119188
57244
57868
252304
471904
103288
190540
7204
94352
79372
123412
430756
240784
66796
168388
227164
33608
38680
3582304
133864
493612
384280
7044
74248
321928
381184
41980
189652
126088
71740
217780
82064
13832
90660
61936
280636
123424
77496
337660
157552
51564
705184
37676
20052
81692
205744
42544
111076
78532
118636
87496
289996
6324
84964
1311712
21284
72664
1452
2620
966652
42916
896992
78892
351160
25240
221572
5452
218860
127432
94048
217780
163456
59660
235060
208612
22796
90392
30964
136168
25720
58628
61504
323908
75820
23104
104488
735640
92212
53424
68452
16648
223396
57004
202264
59536
68700
82484
44788
28596
3552
31720
424
63880
106288
236356
371248
192508
421036
93676
73540
210952
43864
39316
81268
2095144
91892
116224
6944
144088
253276
41524
92948
231136
332908
165220
68452
57464
293488
16072
256516
82184
448504
94984
247228
132196
295444
9984
245320
67756
72944
85828
710044
93560
250540
266404
203848
6252
2308
166696
66284
56612
41488
62300
79136
62448
119644
195532
21972
212944
585628
72536
14296
149248
69136
464128
257956
30048
214372
295660
197836
233512
43268
58936
207832
25228
62864
37096
48764
16484
43468
66084
59992
268936
124900
39640
38172
54592
53264
385936
573532
3256
1493476
94924
80924
43256
32608
104212
1301020
335392
211684
32524
243016
55600
27164
12792
70908
240592
274216
35452
175912
23308
213676
140524
114052
71512
2860
14812
32044
11656
7456
245380
89800
15064
21416
117652
3416
159064
91276
286216
73384
2197204
239632
287536
115180
93580
126952
10500
75824
190732
20908
106564
102940
856816
438244
99664
23396
156112
345544
295408
1291300
42328
123652
856
51228
484756
253156
141448
17376
380284
149776
142984
84472
30856
20680
102220
242668
174688
300148
126508
486160
478384
908332
277360
990304
1331152
81808
70940
57372
19720
26820
117820
538000
45196
68388
74680
64424
94476
251392
68056
75264
116344
10700
448432
88072
246784
120880
5944
330676
30912
64188
43792
59632
35488
441772
228112
198028
169648
55268
224272
177388
420748
60172
87880
77496
481084
56788
84544
125188
119812
37908
78792
197824
115240
907360
62944
87532
186676
63932
63664
96940
34596
93472
121768
99308
151132
5044
132136
98064
92620
9868
53972
185524
75760
31196
204928
48140
164536
163588
72376
218368
446308
272476
1264084
73672
271864
180964
37636
46540
63180
28856
61664
17424
18832
34468
129184
328696
42280
67652
15316
659716
95560
21924
259612
165640
85000
68524
96896
775168
109708
128848
59812
241684
146176
137716
280384
11992
19860
54672
286144
5004
303748
98236
182284
46560
295180
75712
114292
77080
192772
174472
486916
294748
400
75728
6424
164104
99452
110440
33104
19360
53304
170044
468016
287392
65452
96796
134116
600748
172528
266596
83992
64420
147112
373084
89896
103096
3904
194596
26296
126484
48256
33248
135556
80344
101140
678616
318580
168352
9504
229828
215632
110668
122860
12328
236404
90136
37216
270700
17780
44892
198448
76532
89116
218716
80304
363796
250300
162028
22120
244288
98836
173992
60748
187684
69940
66244
43432
181996
252160
205780
95936
254752
50880
96392
81484
428020
5844
3032
14740
153448
85524
233056
85104
29860
50380
48076
32700
16144
824416
348172
117544
120256
212416
62152
213172
340216
64516
45052
91372
76624
159124
72452
69212
345436
186064
19096
126064
45856
36352
306916
132868
31084
235540
48704
2080
625048
115756
282076
325888
599236
171268
74968
69928
85660
53632
9152
1564
43432
344968
37108
11012
60028
209788
95656
146380
18736
97336
6652
4740
242068
226672
225568
42140
239980
618676
255160
166156
46348
52324
933280
4588
231388
87940
39636
262564
431296
191824
495664
256204
1421548
232804
44892
138148
656908
166804
36508
101284
76636
278392
97216
188080
24924
231496
117292
411316
38340
103012
145996
107080
205168
1568
63172
12784
123004
312928
30100
164428
35428
9708
36492
53832
671164
66892
85456
91360
90448
72444
59404
142840
9164
10376
87904
175120
175108
671596
302704
124252
149560
785536
41280
34984
326536
7876
25264
91068
22504
293164
156592
27880
15420
91948
132196
17164
93880
58048
63460
168688
64816
680560
30424
155944
65416
35920
80192
15472
16576
97312
90924
72516
227464
86776
116584
298780
1061908
50464
547396
68308
1054132
201436
250576
265816
18736
2164
456244
616408
74128
291652
85684
108148
84868
240928
41920
292612
10492
173788
108808
274912
30828
91668
183748
73940
255472
259864
92028
53416
789748
7936
206584
59436
133036
287440
81724
414772
30552
185812
136660
274528
99952
67812
87304
132532
198196
206488
220600
392020
239788
642328
90864
254392
251452
196192
200608
274732
161416
47728
88072
99736
113896
4133428
66040
171904
58708
113764
31828
577852
36916
68632
240820
70700
957904
2882464
43636
224548
223036
151636
95320
104992
126844
12336
212824
209896
167020
253192
796552
129868
257632
55364
61480
785860
13612
301912
185308
1708
11344
268960
275560
9404
88492
90520
905416
43820
49908
156148
71620
182788
73912
119884
93372
1272832
27016
101320
6532
112828
29812
7208
21724
91532
205828
370528
43036
284200
181564
64012
32172
65308
196108
27556
275680
151036
97124
72168
98116
265216
80848
202972
47300
86372
432268
4872
195604
283324
239596
44192
154492
180520
83840
52216
33892
36712
22384
71776
71400
268888
93328
200116
20068
17664
65988
71724
49760
206248
4876
64780
8028
83536
191836
905416
49312
47248
64228
150964
12288
482596
62836
98620
149836
361744
44896
30268
1936
267904
103876
29700
136888
290680
145072
666628
120256
285352
40780
222316
70972
124468
47584
299320
84420
56068
238552
239020
147376
1494448
1780216
138556
55520
263116
199864
76876
198160
697408
23908
25176
136984
233440
1032
100600
19000
227404
600964
24012
93904
81568
132520
275560
736
98872
194368
203224
217312
262708
40888
38536
133372
163456
189268
155500
1168
139192
457972
249316
320272
180448
58480
190588
87712
49336
263716
247168
6100
50656
86612
1493476
276964
244276
28108
313900
121840
5416
113488
242740
291736
65812
264688
52288
232996
42588
76744
204676
40300
83572
5956
156388
21764
252676
19244
118768
1071628
86044
102904
42928
116512
5552
57400
251584
65716
66928
169936
84012
101644
82104
1144528
80856
190024
38932
26272
50476
71476
379240
58780
130948
13928
34792
82504
153016
455812
207112
103408
205252
128200
209488
593404
317032
25064
55448
29280
55156
232792
253816
99168
68740
1952
68416
109264
54940
42936
72856
142900
51844
73900
287224
76036
9628
255580
50804
37120
237544
57612
344824
82968
3256
59608
26068
78976
264484
28780
102616
134188
33524
287536
233884
19144
30532
94016
8012
295768
199636
243832
182908
293056
51708
4048
32468
551608
58064
37884
244276
46260
12592
1008772
41080
131560
264808
119596
54496
2655016
80188
137476
23692
350080
144880
101416
278092
22876
167740
436948
1370032
269476
48868
143152
63664
168136
45448
221776
92284
50872
62028
129424
240760
157804
27196
93544
398428
5224
240232
282364
22144
222424
147760
201472
60812
271204
159784
85420
505276
38408
14812
121648
1204
42236
71716
219520
28240
61604
7256
40988
89536
190420
344608
249568
10288
37136
219076
109960
54220
297916
27928
86640
122344
63104
113596
58156
419812
48420
31660
96364
380536
98584
556
33424
1605256
25432
92716
182392
41656
61596
104008
239596
223468
426328
265924
233068
248068
127564
28780
1142584
81088
525364
58492
249316
284224
244780
46388
38140
408724
165076
419596
95548
287332
300940
12064
73232
134224
302560
10264
180376
110980
318868
42532
16592
97480
602152
844180
65864
398896
164164
170224
20872
651940
426220
257272
197212
58044
61816
657340
40120
149512
143248
53864
86736
190204
114556
98140
171736
129256
59140
157408
78184
28384
113308
258892
154708
116692
18520
275128
35712
49684
2536
69860
126688
237724
287116
3074920
37072
78876
75796
300328
335716
37924
12432
208096
150352
58648
223864
271348
121552
56020
176884
18856
64956
166804
120328
74332
188152
291688
108004
24944
192112
5060
36796
648268
63424
46872
30448
184156
736288
219496
29644
70832
68092
267124
198184
476872
202768
150100
109480
59316
18796
137152
164164
425608
155332
199744
1204
195640
79252
114484
13796
174148
381868
17080
157192
291328
458836
99376
129472
541888
40552
147544
209716
137344
46612
79408
45960
8408
138712
91076
135664
105172
38940
26908
32284
144844
108136
29892
14148
94336
77264
59932
735316
53296
73816
94156
196972
261160
58840
60148
18028
179980
287656
1966840
8140
63004
771280
28288
19552
22108
85252
82532
299968
144556
73960
159220
29332
65488
55384
26712
41564
53788
70864
537892
98188
417256
271900
193000
20916
25348
421468
308248
32860
82564
223684
169792
153016
584440
118624
263800
52
153268
109324
211240
224476
96316
95464
47748
201436
17372
134308
237580
192940
82768
64492
21780
896020
73096
130048
173680
116800
65108
1924
108628
231664
86284
118420
18820
319624
49628
83636
24508
129328
256900
1024
129004
500524
29248
89192
104644
248428
1087180
692548
135124
222688
43300
3171148
52828
82024
11028
862972
150040
75624
80920
96208
180904
82932
137584
23452
994516
69592
29276
154636
89452
60820
5224
284284
100684
7452
374488
363904
288784
66124
70016
9232
367036
56920
27104
8688
561760
235312
39136
49948
242092
46060
20248
154816
12968
22816
245428
50452
60208
213280
75108
186628
90424
336148
19260
10732
892780
65644
89168
189016
32332
28960
286180
248836
280816
3628
96580
7980
160552
110620
112636
25972
281500
65932
19564
371320
44044
78164
722680
115504
158596
1019140
21148
668788
6424
1928932
291496
200752
43684
95596
5056
194752
11520
69052
37044
27208
246496
50968
96468
99256
116008
69472
103792
92736
172336
195064
47392
70484
137968
5308
37216
639196
145816
121300
142216
98920
160
50932
77740
135232
80232
5020
27060
276700
133936
2141800
218164
121876
41208
417148
443716
98260
15148
87256
254056
94660
152332
72472
146776
84072
238504
400408
383560
672
77344
18064
232792
152008
52732
277060
32800
45952
61756
291484
470932
215296
70828
276424
70188
189052
291916
285712
338992
139024
84032
71972
361780
437020
135664
44200
22512
78332
3772
89040
310264
120544
416932
211156
159100
57628
626452
48568
182392
122956
7192
31280
65932
244492
309904
66436
418120
134692
69724
95840
69196
7936
74608
341332
298132
188080
134728
40040
75488
277048
278104
48328
136132
119536
101080
423340
148852
145324
165184
271960
70180
126664
108736
190492
526660
63764
70108
301120
86908
315412
93412
145840
72844
32508
180844
30904
247348
175120
67252
19768
45420
28432
366064
112516
1456
250276
350188
156760
3504
65036
126232
136348
229708
302668
34340
33208
18520
257416
164800
293032
177388
133072
401920
38104
46332
207112
40428
107296
156604
75892
85636
219436
439972
184084
57480
144076
1065796
30628
36772
25264
256084
37472
174688
57580
610792
144736
30472
689632
310552
30256
68788
15172
90208
61584
435616
193660
47596
64924
6300
194752
95788
7012
280132
272428
919996
61464
139660
120376
102544
65860
181060
39132
83896
621916
195856
66052
87964
58552
33004
211528
59128
331720
149308
1108564
46784
209968
35688
56428
22312
395188
33272
215872
441124
85948
7780
40072
45484
75804
28052
76156
58364
652
33976
91456
776464
98980
517480
9304
392812
2536
246004
42976
359980
265972
23204
78412
90808
431404
48148
88384
220852
42856
16560
887920
120892
5216
730456
124276
269128
271672
281956
1138696
212308
507868
74520
52128
71232
61420
422980
161008
108976
103516
212380
12832
846448
41584
28288
6696
53096
15052
419632
16948
62152
41500
77624
102712
229336
62368
262876
154168
100924
104020
826684
291112
375892
247036
21604
102376
184624
283048
20948
87172
236752
235768
252232
146680
30996
27400
247984
169420
270688
137848
113584
94224
77500
36376
53296
167452
385180
146572
35968
304720
265696
65488
63272
114352
957904
146716
153688
97444
213568
20792
172780
545128
273352
17476
358576
39112
378268
50176
283132
201820
111292
40448
86020
17480
53344
1684
53524
9556
13160
70696
43756
55276
24428
74148
429280
79240
266812
131044
203548
71292
274924
140884
64636
57020
48856
118276
444400
14092
164020
433672
94100
59452
59576
65340
193504
127708
30676
78844
391552
122140
38140
184924
279196
49216
3568
279352
15856
174088
118084
306340
396088
312496
204076
54316
44180
134992
98504
319192
276964
2040
10336
255580
76508
83292
92484
145792
414556
237004
127192
120988
93628
245704
1780
230956
331540
130288
133000
1196044
680884
201340
93376
137752
254236
45592
20552
153196
10032
51072
48400
405808
87680
177760
211408
106276
87436
78640
190228
319948
59368
70516
18472
136084
37480
116764
96808
35728
148588
11380
3284872
43644
37960
91896
199744
359476
607984
85756
34024
69388
36664
665764
221668
95524
66544
839968
62332
132100
222136
896668
25448
241756
22188
243196
61532
154096
37636
9964
269116
94012
444688
251188
172372
289672
108784
61468
225484
61072
139660
90948
29008
64720
206320
127516
252196
55936
1348
157444
170644
5988
22492
30560
334852
1369060
90064
263332
39508
414700
109348
177820
237760
62428
55996
60120
263212
412108
112300
445876
234208
165604
34468
589516
117124
329992
236908
107800
15616
15812
18484
464776
117808
136384
130288
7852
112636
302776
191476
49564
206980
128140
358252
124468
73076
365632
32656
105484
43204
48112
27040
93992
45344
76660
435400
163852
163060
139504
11552
144448
58336
165892
406564
88524
284152
86764
284632
52936
416716
281824
86332
122740
33928
11284
20200
192436
398176
316060
114244
274540
126196
84628
241996
478600
23468
87056
18124
142720
612196
72096
21688
204532
94288
164488
61888
81448
13384
104068
105568
96284
264232
4312
335824
352132
270064
74356
435940
587572
181828
351052
73492
43728
734992
52252
274576
133324
670840
222664
3248
23116
112252
245248
372112
1963924
14200
125860
16372
186508
52324
126520
112168
62164
59704
432052
32668
225988
56412
71556
51688
206044
2500
401560
241180
244420
36100
216376
91348
310984
18292
509920
205180
51468
8640
15348
64408
92296
39364
2159296
249388
122524
7720
325132
396196
572668
275296
68080
22912
19240
34168
205756
324916
9028
530872
236464
241648
2007664
34412
226720
15676
166408
63348
40584
95960
192652
158596
63304
99752
36000
247480
322792
141424
22124
191440
282472
197692
86956
211984
48320
143800
68296
28896
144664
216484
85288
46360
95452
163576
53800
13900
149308
156328
911248
3408
22572
216916
244468
52144
103420
138148
16984
141172
164344
119320
219244
167704
78880
18016
62060
310552
402352
86288
16492
12004
89116
30356
262120
156004
265732
728512
184168
42792
304396
253528
896668
73144
48
91672
63088
33236
123808
204604
210652
43228
66292
175456
153844
46048
133648
90136
70576
302020
102112
200440
91132
174748
92176
218776
58948
16612
158920
11952
123172
245104
290824
87748
31896
89848
438172
13228
33792
217744
439648
70504
30820
145732
427840
293008
134872
224260
542860
39948
271600
24892
60128
156436
215236
416392
69444
29032
211876
71180
170044
165496
2322592
300832
17092
41284
53044
58396
1114396
74972
49948
9676
301804
199384
24736
73780
58100
69464
528280
93076
291076
452572
36916
436480
78948
60508
25132
12748
42016
273940
122560
36096
21832
26464
151060
165832
256768
114100
1162024
139696
431080
32884
119056
1132
108400
101860
201868
78424
80692
159424
237868
72544
49888
296680
102016
68692
53028
287968
110776
289096
239320
99796
662740
28884
65212
89172
68584
70960
66656
905092
161080
71980
150172
282580
37032
85348
104440
287764
80312
54336
84692
45628
76768
144460
88060
62772
267844
82920
19800
49912
126808
32512
395116
80368
37600
97060
225544
254944
30472
70360
134584
210676
143212
44044
219796
88948
64540
54856
261436
445228
140104
295396
388960
37348
654640
424456
434968
227860
47944
79072
84316
4972
95164
64552
93256
105820
230956
644
90064
73276
124528
482596
3160
222964
160156
25904
355588
100324
370060
95188
134764
289060
7564
1240
235348
179980
35116
18940
648
36856
195208
116008
317356
190612
316276
209740
162664
23968
54628
396304
68056
212380
30652
26176
526768
23572
44428
235156
46660
273472
17332
177604
98388
102076
338236
1385584
884032
23720
19156
91504
133468
82852
21088
220480
127900
59440
35332
188404
156328
187936
447496
90412
917080
17404
355768
55072
79324
79828
76864
155428
54520
57404
9904
105484
8112
26788
129820
52
196936
84952
71020
37084
61724
16948
90124
447172
168748
170044
175948
168496
24624
95496
516292
83944
50716
65280
143332
257452
74392
49868
109024
240388
77044
124576
147916
287080
21340
231400
133732
104344
89908
4220
29328
160300
62740
19348
54988
269668
103180
15592
59460
146836
322972
58936
32056
128716
127816
299428
222772
223120
44764
200932
274192
2261356
193372
71332
12268
8188
126724
118900
89692
7580
70192
109204
336148
74464
8616
93560
167956
60268
13012
46952
88732
248056
94060
172492
73712
34000
91468
155344
16340
619324
82224
94552
91852
108892
282604
241864
91012
573640
15160
400300
596104
122572
94660
51388
208780
33940
186784
805624
433024
98044
122200
275992
2752
92704
78640
127168
520936
22172
86548
16540
139552
46136
35908
3100
5316
1920184
654964
57812
113632
374164
44224
19188
37260
123400
286672
209392
114964
57832
24856
287032
152116
182608
84672
138580
93872
201184
295864
164932
227284
430072
718144
139708
99532
276544
60400
49936
215620
81140
36400
90620
283900
83888
159160
75376
99208
394792
84516
17476
56608
38912
122908
95460
988036
264760
52236
239908
156388
341836
70080
75796
121192
270832
194020
234316
330964
166672
20644
16072
115144
139480
74796
361528
164956
349504
38380
16172
410020
40060
44824
101608
1042468
36352
261316
136312
64712
55368
46944
259072
112984
136744
97380
86068
108700
164380
444688
152644
116080
412
432700
209824
296296
51580
61732
2792
6376
385756
181096
24600
123412
15100
51892
18684
42108
808
173932
44676
77260
68848
139420
27496
244528
321784
44920
87088
237352
51908
414556
212896
94564
180352
26524
244960
611548
63108
68656
31408
24372
71800
132784
739204
1109536
96892
123028
40684
262204
53068
35288
57688
178972
68608
1373920
53432
402460
818584
168676
6964
299848
443500
112540
966652
152728
70084
120796
53084
237328
22804
31192
427768
5080
290416
341872
49516
3582304
180628
7540
177016
120040
15460
1476
33360
526984
54560
189664
149308
202660
83008
271672
90880
170872
267712
60352
4842016
89368
54676
197620
77000
231820
72104
55684
32296
14596
99960
31444
155500
248044
77288
434320
188524
123100
187492
134692
88164
74352
233692
241864
69748
9988
197404
404116
40864
1804
342268
19600
338488
4260
10540
90348
51784
18388
13908
576772
548044
30172
608092
18196
4395868
57988
256096
89068
67700
536164
400948
188008
113596
73804
7356
77116
101920
214828
96376
17500
381184
38928
81040
1062880
23380
227872
362068
187216
25792
27768
105928
112072
928744
34296
64144
449692
252556
304144
431728
170272
49228
82948
914488
51076
10984
223396
83820
370744
1742308
55096
106216
80816
304936
88300
2952448
928744
354904
30216
29568
24800
16252
13340
222256
291472
168208
91996
206044
171700
64900
61252
46924
50916
141772
41668
162484
7516
100384
148204
516
214720
697408
1348
12796
431620
13480
94876
68056
122512
261472
41180
94576
192328
121312
124300
75292
88108
336796
37816
317140
94212
90448
118852
185704
259132
8092
420820
192856
116608
193336
64200
52636
11980
96152
501928
55312
178900
234208
70984
59144
257896
221704
89012
189628
8200
76304
1008448
49984
89536
208456
32160
26548
207964
57392
1405024
2109724
228532
28028
517804
91828
740500
1678156
423232
131812
52216
215332
422872
10516
28352
43236
90628
250288
11740
14524
144916
175300
33136
24664
94084
28384
266596
54420
587464
6524
192292
87460
47476
281380
25052
92068
143152
164464
227872
231532
146500
107236
162808
95908
189652
1386556
74224
22348
57708
224260
178204
83212
227248
164860
423304
81168
89008
665224
62456
135808
239104
49432
54472
295204
529036
249244
36772
625480
52604
79804
177460
269332
87752
278044
271816
29092
4624
7816
525040
17152
93776
3156
237508
86392
65992
426328
3656
202336
105244
305224
287308
259996
95668
743416
23508
28924
285148
38536
11320
207928
86020
59136
74556
760588
331036
416392
274492
193060
80720
416104
125764
408616
54576
1014280
48564
62648
342844
163600
449224
102700
15328
325708
89428
14788
37196
72652
79548
498472
91528
85456
63200
50332
75760
37096
62416
282424
8576
142336
1115368
69760
905416
359188
76372
202984
18244
197872
405160
221536
498040
94704
59248
207592
413260
132508
20308
79756
399328
59704
19960
122344
388924
232936
135628
205360
78688
213532
645460
80572
139456
267520
182632
222652
67228
336976
60652
170800
84076
5488
107656
111772
35660
145960
33048
94432
62708
111820
117520
298132
89848
15672
300832
76860
725920
50840
144196
3952
317356
221332
146356
16720
449692
256552
75316
16276
139840
1301992
170476
220696
189628
186616
80716
299596
219760
52540
153664
89224
1340872
35900
52108
223948
477628
280312
66376
23224
284848
527308
176116
60328
271564
209812
75452
10274524
520504
160936
180124
66796
153592
362176
139480
70276
241672
32712
232468
100924
183124
119248
88076
18520
158452
56264
90408
565864
128416
191392
51568
625480
2205952
188224
160756
61108
5740
95020
260200
1039552
51100
53584
90032
164224
16936
99600
79216
231724
35700
14948
493720
28096
75248
51196
239056
9052
153832
155080
88692
12824
24340
97792
67444
226276
229324
39472
553552
55888
476440
76372
33584
440260
34788
71224
21172
398536
48580
289996
231892
24512
22004
286504
30292
140884
29104
218728
149488
95788
118036
90588
74112
13672
97860
122884
24568
158008
159352
11392
225388
41224
201292
83020
60832
23812
31096
182236
80260
32084
108268
263212
89856
178684
81156
188692
223684
205144
51772
382480
122848
67880
87100
332800
285892
27484
66760
72220
20896
45844
103360
644704
288232
3416092
4028
20980
81232
131200
15943228
37876
135616
183604
430108
269188
153016
121468
115828
416
94120
147544
221776
6356
26228
135184
133072
213736
106672
203884
23220
227644
207616
4372
69740
95708
54268
321568
229012
333556
9052
46108
98244
48200
202984
159100
138208
56360
1456
11908
43116
210472
547720
252124
23116
319768
601612
298312
123064
157048
54688
23956
252832
599884
10448
228652
286072
14740
2558788
104392
47380
3624
41504
64156
116872
284416
100204
109972
71680
15500
42952
137464
196060
101668
51280
245572
254824
69400
126484
9444
61672
96084
536272
33208
205444
5164
222172
213712
596968
124540
2007664
81812
37672
148396
23992
35872
69184
103924
82096
146464
80176
57336
261736
119224
62096
173176
38416
121168
188608
29672
210964
62248
132820
13384
116896
68688
96172
127996
60604
110956
287632
93944
19432
11796
63372
64972
956
72340
20944
329668
723328
11212
21580
219196
61096
34648
25792
121120
53460
280576
295888
31580
147724
237952
143548
378736
48580
47080
739204
31480
81984
105220
227224
1185352
4412
79396
95128
70048
146404
58920
261556
69640
110272
25720
1093012
259960
32976
78892
381904
62224
69432
25792
47896
49732
118096
67984
101800
274480
84028
2375080
271864
36848
366568
379708
99352
56264
160768
222064
6748
174940
251380
7024
103828
140584
92428
32828
224476
70796
56512
42968
222856
267784
124552
159892
127840
309112
193828
261736
409264
173704
27212
274696
11904
116872
296464
78564
249964
436804
68488
20244
153448
406456
70540
2900
3760
207388
34112
445912
173044
222280
2948
155092
2208
277072
40036
125392
86848
657556
467692
202300
235564
87492
5920
263896
2860
296728
273436
197812
34756
132928
82200
120040
259156
218932
99508
86820
164788
83688
139276
255928
397888
432016
60256
456568
92332
310336
174688
87980
224296
260332
116140
122416
123136
98980
80412
692548
166480
111544
8680
283612
1096
130516
11596
403648
78020
135520
88904
63736
286696
50128
86596
68104
1139668
580
119464
30724
748600
99844
270052
12476
928
19960
179440
457324
22444
806272
65572
261520
210004
1247560
71636
75136
54724
286144
20644
32080
2292
228628
274240
80800
409048
85540
112804
21052
143584
21684
101164
77612
276388
227284
17116
290032
259756
70132
294256
93004
138940
164248
260596
170320
736
1624
72508
205636
327616
215440
125020
107368
213316
2416
83040
42564
478060
131992
220432
17272
2255524
59296
81112
166048
75844
313144
193624
157336
142660
68524
443464
30816
603340
36628
201652
237196
59792
14536
588220
154060
50808
459484
36472
224200
97712
22400
48136
130780
96420
176236
1392388
171484
209020
869452
133072
79948
5440
76120
188764
185500
5600
162916
14060
54976
57376
98956
189796
210748
134368
87796
21460
57944
35728
31156
181384
114928
245488
10492
370060
157444
189844
13616
91060
209320
23116
205576
144664
63592
364552
39676
82972
102268
75868
284308
27460
43128
108160
65332
125116
143068
82828
103408
42680
91596
678940
61528
24856
273028
299032
99164
1676
125644
151792
600532
24316
101824
209572
52444
46384
95920
62140
119764
137944
506896
17884
55312
114052
36784
82800
83536
160924
169708
25892
60940
36820
52476
322792
73588
88352
241108
211828
302020
273724
198316
290860
43244
57928
170944
137212
228964
78244
230032
226960
78676
61960
10324
90964
56388
52024
65548
89372
59424
134068
41784
413584
130660
47656
113632
41500
514672
83056
65892
9696
64852
414808
15952
430972
76564
135580
299260
499120
73636
39064
117592
325132
421036
23228
64840
47580
497608
54572
43336
273616
415528
10852
231028
172348
148552
202468
17776
99100
123604
78868
23144
215308
172456
656
661228
44908
18048
90364
140632
58024
55624
3232
28588
55020
89880
216124
557008
247480
416824
225112
112912
154228
201136
128428
270592
150748
985120
508300
17256
36672
141640
208276
178252
394468
340360
435616
622348
176200
41164
41944
220876
231676
46600
70332
1362256
144796
200320
194188
28420
924208
54956
460240
101032
164668
21932
70000
468016
206224
44624
79504
14704
73464
13096
496636
293104
39376
245956
217408
392848
227920
114664
39412
804
105832
291436
7756
24908
96608
8896
62668
120592
25672
99568
25204
42332
35264
35908
97780
68524
566188
26872
349000
257728
269008
579904
53172
109396
135784
80884
981232
65336
181840
4648
316456
6388
63916
64636
49368
106132
96436
89956
9232
119128
2244
133744
299032
545128
114376
221092
183580
87268
118828
45260
39916
247912
12724
90112
210976
15608
13228
39040
72812
73556
35188
137104
141460
79576
92208
132976
46852
74464
85108
198916
90692
46828
77116
132004
61828
137584
143584
96064
133072
131776
210604
62180
248416
68548
2086396
48460
856
12324
2164
51160
78496
1261168
324916
42480
213148
19384
957256
230836
433996
46368
15480
146488
406312
51712
311092
218776
590488
7656
41388
96416
139156
198040
82928
129472
18616
25396
52936
68572
3728
27092
87748
10600
2969944
126532
42016
71764
1049272
153052
1236
30972
303172
104404
224476
56072
27692
281104
714256
205072
266812
65496
434428
237004
18592
283840
15424
2752
141244
52188
85780
51012
331288
12800
10746916
215872
49360
242668
981556
805300
255328
24024
407248
156076
83380
704536
73252
147016
72280
147856
169780
377908
72304
79324
81608
77560
64636
9988
8152
95504
72544
124252
138508
178576
192292
289204
98564
104440
928744
711988
818584
99564
65104
26168
97072
9964
172204
36100
351376
87184
15532
512188
413656
292192
18248
65776
433564
110680
168964
102952
140872
85544
99364
382048
153088
76120
479248
162652
12040
102688
20404
93124
71380
2176
25640
277792
236572
17392
73956
131560
18592
181540
206188
82552
82780
74080
552796
67036
181936
147268
159712
55888
32632
100348
50764
286096
66952
9940
67516
223732
339028
134272
89212
120364
214468
599452
41208
56656
50888
95596
53812
134644
98544
196576
16180
101392
4420
219508
263968
93256
67808
177676
90960
552580
96712
64900
546424
62752
68588
271840
119680
58960
264616
41596
82972
481948
102364
14384
8008
156724
108880
194668
173032
298672
176092
838348
434536
102688
288160
267508
47464
12568
1535272
771280
95884
90412
289072
224488
202876
498148
140056
275752
104776
174832
248812
203764
45412
142876
5708068
4224
90424
5300
27580
119176
1220344
66508
107428
10076
86936
4999480
25888
190744
26608
174868
448576
179176
119512
207712
7580
480328
203116
267796
476440
145420
60424
239596
88748
45832
55492
6016
40552
24364
168316
104704
261304
66248
122404
180772
242680
11140
19960
30028
18244
62816
66040
114496
961792
960496
68156
64872
2140
32620
139696
55060
125320
131644
121516
143140
527632
1167856
94672
79816
52080
23120
44440
55240
92176
47188
66460
60736
17764
14992
234664
760588
18424
104212
162808
550420
148624
47416
848716
265864
88780
90548
29380
72620
325924
287440
89224
71956
410164
124924
42964
254644
16644
94516
65616
280528
123076
476332
30200
73048
69856
156088
317284
218980
169036
2716252
80536
62584
80760
445192
94104
168952
296620
127924
175984
342628
15760
8656
117868
1127032
248020
26680
140776
61492
279568
107920
101092
38248
108820
157852
108928
304936
292648
96820
614032
465316
16
585952
63076
344356
398464
31804
7864
443896
153628
671056
119860
337048
133000
77348
45412
92320
12004
31264
100156
39240
24796
23156
106348
50268
18308
466720
120100
244012
117772
55268
97756
16
58120
54196
197404
45424
196348
291988
1062880
82732
246388
35156
9704
27288
147256
91492
73096
287296
73108
102208
186268
187912
595564
343168
1382668
27628
995812
126244
51388
227512
103588
412540
190468
67588
102772
196228
238360
330748
62860
135160
840292
55624
115840
391984
879172
158608
26352
44072
503332
976
828304
210748
12964
70476
184696
114892
111916
218968
447892
256444
517588
186208
3508
30832
102436
61540
171268
403396
88176
93460
674620
120688
278800
170008
46120
29968
227656
14152
163048
107968
193540
774196
300292
560248
64168
55552
108052
243880
294004
99988
96892
609388
280780
39264
30352
146896
484
404080
441592
315520
10492
236752
77128
66892
54740
77220
292624
155968
293932
83104
18420
925828
855844
69040
16924
208444
206692
29248
5984
128464
99664
137680
6352
65964
272752
291112
278152
1360
101824
226036
2560
144904
88804
149380
19828
423412
113560
243448
78772
115708
81844
474172
142192
151684
71312
93196
267244
68908
20572
35980
166396
60436
82064
51108
46204
35248
64636
70468
126736
171664
298120
99088
107404
369628
51496
367252
147040
119596
949480
253852
346804
17060
70232
583360
174148
297268
148228
233548
192292
69212
62724
155032
191968
302020
316384
37012
152512
7844
37424
32784
341188
56464
642652
77512
38608
33760
148648
318904
350728
54316
138292
33460
144880
339100
900
272404
299200
239308
447172
278452
203512
68000
85372
123460
97792
12616
97472
375496
149872
90984
24724
47664
9172
72376
226888
103084
130876
143044
161404
66424
129760
59236
25464
142576
36280
37732
109024
217768
180952
284632
61096
166624
96892
99300
83860
261436
59660
402892
5312
37000
57232
809188
54832
5020
50796
67948
83212
415528
292696
91108
87644
7616
27832
1392388
65232
7288
115828
344248
315736
229828
32916
72424
390940
222796
40340
87588
57400
89844
191968
39796
1156
32484
59484
203332
80788
310768
468988
75148
503008
129496
84888
22912
233392
83332
122092
24664
51628
711016
692548
58844
230200
3760
129616
127672
33524
72880
333556
7008
1089124
529252
128104
219544
424276
42136
46552
15040
216592
28936
969892
2716
288844
257092
117772
347272
130480
27532
12148
76456
495232
70272
768364
83676
80360
49592
93640
3162400
71224
86452
109420
279760
159352
30880
222280
18816
216640
81436
278476
266608
582064
34416
258916
132148
44716
258124
29764
5380
377044
213304
194836
74452
466396
671488
46036
10088
294256
32068
664468
42880
162472
208288
88496
209824
1057048
199636
390760
5152
8716
322324
1188268
93272
91928
26380
40480
191032
54736
276052
28688
89872
128320
83172
209200
282880
129088
2751244
131932
160864
121804
164812
141232
99916
1441960
1518748
135232
59164
91496
37656
208024
5600
98332
90124
126820
5704
68068
36664
418120
149956
169180
410308
267784
3241132
424384
117076
211840
52612
11140
14064
38740
110368
98608
58904
183868
575260
77344
31552
25096
542752
12420
136372
42244
54652
45060
164428
97828
182212
8404
33576
663064
290212
433060
65968
82960
147256
137728
113584
177496
70272
47820
169936
39208
91492
101296
35812
25468
2357584
14984
53812
353320
8764
93976
23928
372508
298984
74932
984148
141748
143704
84336
77832
109252
30908
75672
402244
886948
39388
624832
96840
622456
270664
46712
45296
45364
839320
20104
56080
2083480
92964
363544
222676
53500
9664
1320
15260
267784
70592
91912
352996
39408
183916
352852
426220
37660
10816
104968
40044
37944
23484
24924
112984
42808
43156
547720
192928
51924
49552
61604
25568
46684
309580
42988
23476
63028
197152
7792
212452
21964
87316
52564
218968
19528
46612
255112
270316
68332
292084
545560
75460
631960
225760
130408
46888
191728
90112
169168
282412
92808
189016
18508
13232
111508
581740
157192
14740
17356
36628
94624
80404
463804
93792
3720
597184
21040
63192
25756
94264
223228
3496
139984
41216
53308
87928
26460
49452
82148
191680
246628
56848
216772
159712
89232
14452
233980
14384
416248
13312
136996
35776
74184
195280
131272
86808
93372
186856
355264
323188
23632
84572
247048
84280
826684
72868
74824
25264
386368
49580
13012
145012
35048
184768
440800
82732
88432
292228
258304
75076
141640
4492
204520
95012
18292
101404
193696
192556
299824
8524
25180
385252
122992
247444
270700
138676
42312
215836
6820
75388
504844
159376
101356
38936
31792
294028
64964
299428
9556
247048
174112
153568
183004
41276
507328
133552
117328
120796
295468
80008
315088
207304
96184
276796
89488
66580
76960
18124
35812
295744
13792
48324
55104
29076
81408
71320
92392
320776
123880
319732
11536
61340
434968
90208
10960
14992
137176
60544
401956
200896
40372
51784
130216
24772
45952
261040
75400
190396
83104
79400
188284
42580
672244
221476
22900
143464
77960
487456
4964
95404
70912
55484
57616
80140
246352
179440
277648
7908
36352
665440
502144
87008
213676
4472
27208
272644
195964
24144
222724
2196
127108
171880
67756
302128
377800
197368
37156
88132
162940
69772
137812
192220
369520
108892
102868
202396
170476
84184
20352
305980
61048
50636
32776
5908
192292
42548
229300
155668
20428
291256
61156
136336
41548
46924
42416
159676
91312
119788
279448
84692
190864
1570264
328732
104008
2500
42136
790396
75400
34492
151768
261136
119920
212692
88224
52996
13596
330784
31692
195016
733696
42808
10544
15696
20984
55108
77316
421360
403612
369520
249772
270376
75208
88196
64876
132064
190444
193732
138112
457972
13040
35440
204664
184588
849688
18232
101440
104092
388060
49516
90148
106780
433024
30940
63712
647728
137896
57104
250624
19836
61956
71416
34432
307636
245428
227068
213472
136336
66280
160780
7352
232048
293140
42172
95956
145576
271528
675376
151144
135376
53960
197164
63640
53344
148012
536380
153088
89152
82012
598264
42304
78976
294472
13996
8460
231964
75160
22408
211084
44332
93928
220660
20716
72736
48912
290740
26080
29428
244780
523420
200080
28492
6136
433636
87136
102868
170584
170260
92356
226528
197728
2116
11284
70528
30292
222184
61840
185488
15904
81016
5940
43684
51032
22692
69972
156772
87676
551824
78008
928420
362680
58588
94396
192508
519748
380860
23076
949156
217816
74700
24460
61680
601504
168136
24440
5400
137980
176632
259936
250288
1632
11488
135268
381400
154732
236824
409372
5728
39700
65124
40464
48424
21220
31696
1964
1535272
144700
96460
263788
263176
211912
14948
47676
61096
26668
368224
384028
235156
49508
37260
10240
29428
106372
5168
18184
61208
619648
96448
256900
87140
36892
45928
77644
6704
14944
473956
26948
38296
404800
25936
240496
61092
195472
67552
253096
114304
84932
415528
218632
109348
382156
235696
36880
51808
33168
45340
350908
32528
161632
128044
51436
823768
51520
14272
52928
37420
56644
279556
138508
135904
653344
126076
120928
288028
148096
8444
91624
215872
98212
81836
90232
24676
20464
6988
160072
376468
95112
248452
34680
61612
481192
137788
155428
216904
30988
90340
99064
95632
141484
395368
82528
199672
26548
200176
41848
37636
1564432
55024
50644
19880
608200
47284
11176
264568
36448
98824
82344
485296
98668
308428
26800
90040
590704
134944
144784
94276
363040
33112
4696
36656
27640
320488
196924
176092
89012
382480
61324
85732
364336
44832
118048
182428
244540
99928
116668
602908
55344
89716
123292
149932
2019328
5708068
42460
12700
3832
775492
27988
554848
32548
35956
125992
26636
102532
20428
181348
19356
12724
636928
74176
134404
44788
123928
103264
145972
89992
77836
997108
80396
145624
68604
295216
416608
196108
165400
39724
131092
4120
130300
67208
146284
60564
1095928
95368
670192
288400
81852
34240
241864
202336
131908
40048
335176
66760
61672
66304
25560
54788
274312
131440
96196
4159672
255076
78512
477844
191860
104116
68128
253780
72232
587896
60280
28860
3188644
132496
303100
150052
67564
49820
47236
6008
100
15388
576556
37168
54220
3304
12392
1996
2821228
29416
180088
263152
464776
15344
144376
21220
60396
837700
239116
27700
296836
87492
114004
65020
1900
85192
45824
116800
199468
408400
65068
1876444
672136
46956
67492
63016
22392
35588
410380
1217428
1386556
115108
78600
153484
61384
388960
112360
55092
64984
58408
158236
103660
68040
40476
75808
680884
35428
135388
13024
73348
90340
40592
356236
31768
219436
214564
348604
241648
491344
63708
3724
447928
145396
2127220
27376
213352
493396
46024
306340
10060
14100
55492
136780
1336984
112852
908008
24448
50276
914488
98908
1510000
83332
26728
102796
18068992
9148
525688
403360
732724
179920
120808
61192
541780
47756
313036
36420
220576
130552
203452
22696
65176
303568
102736
215944
33640
77608
361060
17656
13336
299212
372292
220072
26704
35428
19988
69280
225616
112264
67852
133864
27892
32920
16552
12508
19568
72516
68864
59744
61768
108076
130408
66680
132352
56644
120736
38000
47928
141784
401272
56548
507868
52492
382588
120472
663280
9444
2836
235708
129400
80152
162772
77488
188224
482596
122212
66808
215872
147496
399868
1739392
32272
4180
142360
23264
135616
169180
317140
423304
402460
30112
95092
72208
277204
104164
82480
273232
83440
69280
158272
76564
72128
172852
58316
51124
63504
165796
20500
98944
402352
33172
103708
272884
143260
69156
134584
52716
191536
862648
82740
604312
279964
68908
87408
3708
205540
1372
59688
49708
121576
61012
81648
226852
158920
32188
49196
80996
1852
73448
33512
77440
190912
48340
7204
95480
162916
264820
150508
200392
10880
88564
60052
511756
622456
55840
12796
265588
70680
67384
171772
335824
33420
82732
106168
100612
52420
122644
25264
143152
83356
82372
165376
286120
139012
97120
356236
347380
53164
138280
284260
40536
414160
341836
25468
79312
2978692
1532356
158920
144628
297256
304828
99100
148360
85200
28372
180040
84472
2368
413080
84604
62024
76356
25516
17680
81820
13888
64316
99448
81736
341332
312820
72096
18220
293212
138040
35740
17420
245968
165520
210760
280960
6064
197308
169924
55020
58732
102712
281500
75652
331648
106048
56968
332296
14748
34792
149740
995812
65784
243160
189760
139984
610900
203308
168280
90304
27556
39808
121336
126040
73060
50588
246160
50132
61052
280168
45976
20896
127144
29048
158668
644164
20896
290092
50132
92800
73668
31220
135052
29932
299788
131056
21532
247732
85528
125056
2322592
3818500
149380
69088
257368
4804
36748
109816
252196
100600
279520
37048
33116
46772
18276
85804
10292
143164
60668
310768
106756
249316
92212
59604
126820
58128
87560
550960
133756
74428
1309768
46808
129400
3028
53776
70532
205504
296944
303964
52548
134224
7344
348424
131596
116824
2244
97376
129928
371500
400948
259348
55256
330208
158380
104344
50764
149140
81292
110572
19384
130516
274012
50500
232
1045384
66260
44144
104536
164680
185020
32596
2030992
125764
59020
175120
265264
71204
201868
437884
406780
49240
50056
49884
134500
208300
91144
6856
356524
1260196
13120
256444
95432
32536
93748
1092040
81592
76
321568
140332
219496
1004
115480
425176
19104
49792
2460
12892
28216
27572
106108
208060
20560
110104
52064
279844
20168
310552
198016
54100
23968
198520
284104
833812
1402108
11668
149944
121876
217672
44300
101104
124528
36788
297232
66304
77344
26224
101284
1336984
48760
120472
48652
66956
61892
74356
185164
1491532
332584
216376
119068
144340
209368
336472
68488
64672
40444
69148
67392
115324
712960
517588
78964
256060
53416
64200
95264
32156
19436
38296
117292
2764
53264
44440
99028
212380
221104
216172
4605820
215620
304720
75840
541456
15484
76624
52956
50260
73076
89908
831544
237004
208732
263104
7288
132628
125812
568132
88368
54372
4780
73908
19012
121528
28492
112384
63224
13372
119668
57292
4772
102100
96088
10744
42208
110560
71872
230524
210880
44224
910600
52932
66376
19108
17260
20996
94660
554308
251872
126628
40072
362428
114544
99936
206116
88176
37596
69160
163648
144616
169804
144616
270448
266812
9308
69784
22896
95500
38284
25448
191896
65500
420280
95524
382804
43312
113092
215368
29260
98084
89820
215188
426652
221848
2468
68092
22300
36304
196456
262840
149848
168820
272092
29116
92008
385576
144232
833812
279688
139876
87052
85628
59768
110020
313432
257416
15328
175552
158308
72080
63612
154924
82636
30148
124468
228688
39824
41548
306988
130768
81172
18936
91000
36984
119428
242404
217744
225664
99520
23104
40484
421072
197224
82720
11256
59704
337768
86864
170284
147256
93308
138976
22536
58152
70784
50416
123748
53836
59812
181996
28660
5884
26916
22512
466612
358648
52588
28876
11032
69496
278692
84148
139336
46456
389212
61936
147160
43492
5600
19268
165820
57216
570076
88396
157660
353644
140476
73168
808216
27040
570076
1058992
120616
23740
72664
494260
284632
52600
193288
135808
9136
189808
440224
884032
197512
15100
256972
56464
63172
13596
8932
70312
18160
141064
2752
80572
319300
103768
118384
63184
13732
362464
41112
301300
635200
283432
85588
71272
134656
105520
272968
51212
199492
89628
115252
191608
337588
199204
258652
159244
108448
81752
792016
28216
52612
64960
34072
15504
73792
118744
20704
291868
228424
4716
390472
332800
213472
282052
269188
62848
42772
95668
202192
468016
130960
36544
75972
499768
242836
53684
359368
41136
175444
3796
251596
132700
177472
297196
156760
5020
82636
309796
63336
29968
205960
97192
660796
89688
125152
112564
178612
62296
282724
65704
44632
45328
72892
86716
27772
347488
96564
217528
373084
9856
226756
61396
270532
153448
399112
69112
176536
45004
67012
112252
1115368
191992
248284
296044
219460
104788
305512
85696
138364
120700
77524
54364
1958092
215980
16348
622132
298576
67380
50960
57140
44828
188020
187228
50668
340360
136816
24136
83480
264532
3407344
391984
84716
330316
97856
5560
31588
104056
142348
199960
61864
91660
234724
37688
27928
118348
168208
95772
121120
33424
19120
18176
407932
173824
3940
102976
144472
32
98116
8188
113620
14896
77140
6436
95396
12448
1473064
231544
18528
324592
31712
326644
44824
77256
240544
37812
4408
379708
95228
39996
38560
363616
301948
127624
67776
148804
66784
36108
26952
23668
84856
88504
32596
161380
77512
3400
278560
672136
251260
73448
792340
218068
50344
172684
223096
136528
35392
113656
233440
135232
4932
181384
143380
262828
39736
56068
187912
11908
507868
123700
110320
283660
341008
70792
92188
365596
27292
53036
194884
438208
401812
212704
52984
12580
97888
71800
55324
16648
61504
131632
91276
156400
207088
13792
196000
367684
306592
64988
297940
175768
178756
109060
49232
201124
98548
413260
73924
214108
58188
54448
56680
970864
227992
226600
171556
88972
2492
208900
28908
69808
14372
8788
16484
679588
89452
150748
216052
94744
864592
87196
6316
12208
3232384
365740
84620
484
231496
46756
3004
61080
319300
100252
87892
123604
180568
185920
223612
120580
240568
84616
39952
60312
318328
32744
46552
27196
62772
219616
606040
1456
191788
700648
88648
34396
88640
102892
243484
82204
25900
50416
281932
143428
237544
399652
131128
12796
37420
30364
133756
88660
207256
90144
68480
73384
293812
21372
231232
17992
63940
40824
48220
90556
243964
287764
62620
31588
67860
333988
264748
91564
94152
635092
245320
77236
59416
84496
87412
93844
28812
506572
744064
59068
59888
57028
115000
69100
21468
29032
226300
154528
343960
49216
276844
205000
143416
12076
289768
344248
42064
174544
76192
74464
325780
8092
67820
100060
114076
100792
603340
589192
165436
679912
202936
296152
31276
68292
9100
94560
176356
231004
66940
80332
41092
146260
18880
82024
31216
31528
92852
67864
96928
55144
48892
382588
75172
97924
60136
78124
178672
251908
88704
51244
20032
23464
43584
136732
172060
66076
55384
243700
2480
138508
179308
68140
35704
52132
279448
93156
90772
42340
79628
66100
51148
186556
64612
162244
27068
102364
1619836
60532
89212
15088
73252
164932
89228
4920748
85320
21100
14476
296956
15640
87532
120100
207412
55384
113056
136072
231568
49192
2860
81484
399076
52540
109636
26080
438856
33100
22364
143296
31516
173428
277720
323584
144304
32668
201400
68608
72132
2656
35204
62272
1162024
140056
57736
76664
131248
34996
192172
68784
60564
220732
268552
20752
196732
14340
147112
336256
226444
194668
604096
6640
71056
1107592
88444
388996
255004
426220
8104
81288
183496
91924
223612
56
375676
49768
284296
25084
98824
116176
110128
102220
3608548
60820
59220
437812
165748
153124
600208
286900
43760
60108
90532
328048
345364
74668
206872
22948
1850200
366064
4132
106876
115072
269728
8644
295504
61060
131812
41740
12944
66772
9752
41992
12748
83320
274228
259900
85972
203752
200788
190156
917080
287476
32356
54012
7684
78640
47644
103720
258280
402244
532492
131524
143224
542860
112900
8368
12328
21904
287752
81360
838348
205576
65848
74604
253948
316384
386440
3856
229432
61612
274480
22912
259900
78508
34684
112336
93628
46332
357208
144664
10492
153580
210808
15124
17608
17884
8548
43536
29340
100840
172732
99108
11824
130828
138328
609388
2360
71284
33004
436552
31088
2276
218380
314764
51396
192448
265696
40012
155368
11284
52504
147880
267244
113200
122656
76276
352132
19360
67528
151108
1876444
66392
117988
1404052
97728
439504
85500
258208
95068
40852
23196
97600
187108
263668
94768
436264
26788
219040
13336
114676
318004
293488
8628
202228
76192
4852
686068
137536
140140
268432
100972
39644
293056
1264084
25672
252328
333232
416068
264652
238384
35500
192832
171844
217900
433528
130624
84096
82236
197872
260812
152344
306232
73708
44952
952
28900
167668
55888
65176
101296
429136
62176
23920
210328
295216
26368
422440
465964
194200
104044
90284
148300
166696
8080
71992
578392
118144
20216
96824
155356
118504
53660
223720
403972
10888
15064
159700
22924
11552
172684
54220
15724
37232
120220
274912
118576
22980
12628
30400
342736
79120
46652
73780
283012
32712
131428
425788
178576
45592
211336
30364
106984
9928
60740
69820
111544
38328
14992
104008
216688
605500
121516
67772
145684
96204
317572
50552
2133052
118132
98872
196288
90328
40924
487780
228052
24604
246400
38356
51364
545236
385180
93996
227644
97864
226840
14320
6496
19660
143260
62132
39400
134548
53344
61248
49992
352996
119968
75380
52648
76084
11512
71808
159148
84364
43864
114424
69256
216112
49288
153268
194380
28176
532168
68200
258820
90464
71872
8252
97440
302236
333988
86616
50872
647512
24692
313468
10316
34732
51424
316384
86576
51296
572020
123460
81484
568
147796
72792
225604
3292
43892
204712
176740
83388
171052
191428
85880
656044
46336
408400
41308
41080
66500
407752
37528
22588
25924
293284
280
265984
48868
162544
98668
8768
31156
124720
91192
94176
200068
242860
448
374776
45408
10536
71980
20212
211300
4996
274120
76396
369592
94984
7596
6280
558304
565648
56260
73368
28752
47344
237652
24292
110572
313468
124144
232660
74328
76196
390256
32488
91060
71560
2039740
196792
52852
102292
2908708
36352
37440
475468
365380
424816
44308
71224
189952
385396
45688
69304
238876
39144
275308
224044
963412
114124
453328
71760
91132
88264
261880
131044
55324
25556
72004
201940
447100
51832
629368
221776
1228120
248644
648052
150880
119212
16600
579904
14868
61720
115828
53704
79084
61604
51064
47320
39028
53040
144448
118636
123796
172180
93436
225340
45672
163744
433672
43560
31624
13840
426544
335068
116560
91636
220084
44728
285952
27296
41788
19780
128728
23032
299644
82760
162700
435868
260476
48112
47680
6356
10156
674080
36644
34648
61096
118960
24340
43788
55348
27472
419128
10296
74932
321748
9484
78388
390832
808
1780216
284956
1701484
18172
250972
269152
44580
130480
47932
15832
286012
14332
23704
199276
224128
182428
724624
10128
179548
24816
95020
3267376
217912
24604
167476
129268
188800
81520
412
371788
157552
25636
94392
3188644
170560
130156
337768
1065796
281344
464776
18340
316240
459268
630340
2464
80392
182368
225748
258388
6640
43828
607984
80944
1892
37612
48868
133492
7756
254908
39072
1736
618676
36268
22192
2188456
369736
14292
15592
200716
415528
107584
423736
80956
130444
272752
95056
916
13996
200968
213712
166804
15004
87052
564244
313468
91308
87556
76932
283108
87028
80588
35176
87448
282748
55432
190096
91952
157948
68440
169228
195820
237976
184504
74400
137428
75796
81000
5984
59404
8836
68500
60412
71332
335824
132196
5032
51300
270052
283864
413152
288208
35484
215044
101716
149236
331720
33532
36376
368800
202960
150196
117064
196660
35668
10816
122380
58384
43824
847420
6088
30532
402244
281068
178816
20104
213892
69064
50896
10328
57616
49012
42088
30788
211936
194236
96604
245704
32964
39112
44112
87656
78808
16556
90464
232204
40744
65488
378340
3268
11888
100600
183532
155164
81508
20252
185548
1217428
326752
140260
170176
409084
324736
43504
82964
154036
13804
60344
234580
101248
80064
273844
466072
13072
276292
376036
187852
111292
193756
817288
271984
67396
99736
41272
139120
412972
228580
90608
146164
44264
122920
219448
97576
26968
243808
286468
126604
35644
6376
139168
60616
283444
22588
20284
215692
80128
9844
71908
44500
49020
45804
106552
287116
13688
202624
270376
6460
16072
113464
181756
120580
98968
89320
420532
123064
119464
29680
69520
211552
166984
129688
76648
9556
1431268
39124
354904
47740
30300
167128
680884
555496
133648
89188
237544
369412
56276
333808
71020
885652
106480
52148
93844
592648
120304
91600
56032
50060
20904
94444
105412
155032
126304
199744
68528
92008
168928
159856
25964
22120
432844
298132
447604
242512
141724
9820
728512
122308
5500
28924
20876
161548
189400
69748
197476
179764
83212
2252608
58792
70640
147196
140392
158368
111256
286576
163744
255364
481624
5476
199096
90020
2920
240784
25092
78580
173284
61420
320596
160480
42356
250096
230416
28660
11320
57832
47144
80200
83128
112000
55028
48364
44148
68056
5308
280204
239860
37240
505492
1980
4737040
765448
896344
95380
71116
82540
112600
180592
102004
195772
6596
216880
243388
258064
83104
32908
72772
120724
130372
92572
887596
55120
16552
253816
38116
21580
62908
63904
91732
129604
34720
68572
60528
52372
56320
106828
188368
177820
327940
335032
86176
6064
75060
212548
145672
95596
92500
227632
474712
60280
11632
164740
120640
43792
151360
194200
12160
59936
94228
62104
446956
41884
37240
14032
573856
226312
255844
299644
73492
10320
90712
71996
49228
805300
37512
71344
201220
46408
610900
4760
215512
51668
25228
294364
145516
85212
68068
121120
54712
31684
152584
171124
14176
65432
73600
265468
143044
1336984
150928
239404
137968
172600
94208
109852
41872
135700
129604
97180
362284
95124
200836
83248
30616
80488
29020
434248
11588
140380
98620
83000
141856
70468
55456
15920
174148
84020
120292
39580
28420
148432
97720
31620
51676
25528
384604
347668
8308
40624
117412
145336
110476
73816
1211596
160252
699028
41904
411820
134044
275440
64348
534976
49304
16900
52432
199780
38392
140092
402460
30004
36800
49228
60796
192388
866212
80200
295948
656044
154420
65608
45388
30940
30292
24024
232360
404836
97024
37032
54944
152032
175048
6796
182860
10948
12940
64732
847744
48560
15640
375496
43016
430648
48008
631960
40996
18952
639736
27052
16972
10636
75956
80908
432412
32560
19204
102496
171988
265732
252556
5148
201592
12388
34896
35548
365524
114748
34828
147316
118672
197260
9952
48404
349864
113236
8640
126340
642112
41516
68888
130612
517588
51184
65980
148120
175444
105676
45508
210100
56896
164860
34360
68632
120988
52792
248668
88324
266332
28096
46060
322108
736
26632
448324
972
76048
361240
11404
650752
12544
406240
48640
102460
209356
11424
16244
159808
253696
167368
146104
73896
32524
143068
92284
66676
61264
79164
61656
113560
111076
64828
86752
169432
254128
449332
59252
53880
18028
6316
788128
116260
1956
449332
363364
784888
18532
64828
85936
23144
87596
421360
249028
1436128
44512
276616
187432
45844
64044
248968
89136
228052
65932
26280
364480
20168
45096
13240
293164
47980
78136
149020
111700
4588
101200
92960
156652
424924
435256
171496
273616
12544
134860
404512
311956
85684
5348
13440
291052
75460
17024
75296
48344
112024
567160
767068
76504
16360
162616
282592
136576
88924
92500
85536
32100
86056
439936
56044
174904
34216
277036
131824
2152
75520
102460
25516
209608
247984
149944
2452
919996
55672
440800
247372
234736
67576
127948
93712
862324
94156
62064
109528
106396
84644
30628
127288
77064
41200
189268
83488
820852
48784
82040
4188
131524
1960
59644
169420
281080
20536
212392
760264
60604
106768
209788
263332
600640
27912
8704
446416
25756
89432
285184
98640
83572
91552
193048
13144
210400
205720
39232
356884
14716
432844
107836
154192
124384
221884
325564
413260
2086396
117736
239488
16088
38008
169612
6712
1517776
16044
156580
97752
7888
225124
242812
97712
46272
217420
216592
68200
85652
25972
444040
164680
142828
22672
25432
166552
251836
293056
198124
75616
1254364
31224
149788
55312
69672
34540
85032
44952
123220
90576
64940
109000
144112
57508
188524
41992
198760
139696
857788
332908
63628
293236
147724
288832
57076
246172
27388
52732
36808
2182624
269488
68764
356848
56752
78400
112048
11072
213100
102256
852928
103192
99324
16444
37412
52308
93752
189232
58624
69352
237304
328156
79720
144808
221080
64452
295768
273904
25660
57612
87936
421756
2150548
81460
38608
226600
42880
285700
177172
58384
109024
182392
40152
570076
145048
165880
18148
62068
235384
1307824
489724
205996
234700
48688
303424
90304
37488
42624
846448
230500
62632
312604
126160
320956
97168
292120
199144
67852
137536
239296
189100
92228
38352
62860
219196
576988
72440
45980
66508
36448
2524
128764
81544
112108
95232
23956
79080
77596
399724
259180
253060
262948
27880
213268
66548
219616
76064
42724
82540
253624
15424
22304
137644
77188
105940
78300
133024
190312
106324
67000
61216
109948
232036
61392
1371004
77224
275884
50128
99652
91108
82780
59476
90880
2652
368764
93244
213220
212596
3324
28996
148552
82736
19888
739528
57100
196612
82060
198376
91092
39868
216268
12652
178972
137044
263584
86596
195532
263788
64444
12472
65504
49168
12472
293560
17944
243484
222844
242464
1867696
133216
57876
76652
37780
6892
207040
17260
83912
141064
7156
23224
58156
6064
75648
93516
480544
15256
658204
9504
94840
88936
54748
1832704
69360
232792
48404
42820
1039552
241540
511000
62488
20096
131092
76724
51028
3340
269224
216436
216544
253744
13792
592
121348
82212
146008
98848
11644
184264
92716
228616
1708
18016
14884
99916
282472
29276
73288
45428
93688
60364
326392
126736
57772
77980
120760
59824
26376
60852
162520
61432
16300
347164
201088
79648
17404
559168
57628
72200
540592
134908
95416
131896
42988
248440
102508
1356
107260
223096
211264
406132
12196
107980
268696
69628
295036
145012
62112
74452
112648
135664
173404
117412
54548
274084
336796
104452
150388
39076
65068
42064
704860
176056
161620
21896
14912
17152
11528
135352
48340
45196
20440
75148
354868
607012
103576
48292
78764
15232
47392
373156
598264
240460
52072
96840
166624
109780
417796
267232
75772
78928
11572
21724
116692
147796
44972
1132864
49756
150496
265912
80512
94444
255652
307456
232564
483892
136360
227644
329668
26212
38404
255148
41096
277420
320056
160000
90340
133792
20228
85372
560572
223360
32860
251848
627748
184408
92928
86944
241972
79764
84716
390688
468016
16532
219052
262432
106648
70500
16140
48972
275680
27184
16064
438964
251404
13960
168844
57544
508840
59776
86048
178600
306484
51424
659608
185596
636172
28732
92092
105076
418768
433888
56404
73792
113584
149224
160816
17840
78060
32464
307816
29524
29948
432052
118528
5228
64420
253444
278788
90128
234412
114160
15112
8980
226432
44616
54420
3412
40840
1513888
104476
101296
416248
310552
197404
26956
121936
153832
98560
59648
211924
663712
145672
86440
366748
148648
286732
79432
100888
3652
28468
4248
4420
12244
588544
133768
94084
190996
211612
666196
234268
46124
208348
62204
161512
81776
57436
77920
13696
287512
63700
61680
145024
72340
7488
70844
78568
174664
42044
323512
299860
92788
2856220
1109536
125224
104560
98980
78568
177640
93840
107728
13740
397384
266080
90880
105532
276892
1456
99628
480976
51820
18236
29500
83536
26344
223108
703564
242620
29176
99692
117832
82864
300832
75536
43504
85672
62032
115828
26296
19468
50964
21220
95984
227128
30936
187276
86572
239944
176200
111676
501388
366928
183688
62992
30088
65896
80512
124168
49972
84004
71144
161548
116932
370168
305692
236
377620
709072
28560
84436
205372
116344
298888
64132
850012
64240
221416
60244
188044
2115556
102364
24412
127780
52
18148
88076
110956
39416
492640
119068
298348
46036
335428
101968
281140
655936
306232
94900
42252
215800
39428
228400
429064
448900
7676
255952
180772
334888
356236
427732
7828
70260
19096
231856
102100
259576
168304
74164
15212
73868
29536
191212
263920
234292
526336
385396
61064
27700
66508
179332
76504
196708
277684
46924
96524
127456
94408
141892
109768
109804
148264
37620
227824
105124
99664
24700
758968
10060
47500
282040
1712
205636
38700
14696
296488
395152
44584
212704
67156
222496
43944
366928
34860
50080
102616
75476
266200
29668
144616
1153276
708
230272
79388
295696
329488
9500
23860
118780
76756
140920
161152
55660
109612
127864
3528
82576
89308
201940
31128
223420
142156
86296
70204
260308
193624
70672
36860
291976
123208
217888
240268
253024
38260
24100
96676
61272
6940
222124
403864
66912
43408
12684
63772
79424
72052
9988
117232
50020
112300
191548
97528
63772
1272
29428
161116
75076
97204
40456
56620
133000
463804
307168
2884
174148
433600
76444
44980
105724
41428
576880
166720
137092
401740
182500
30420
140908
91556
659500
39424
70912
322576
51224
412
110692
173932
188476
57188
61168
83940
4384
1683988
356668
26440
146992
53356
10864
195580
305368
77896
297160
632284
62392
44544
140632
692548
11584
21244
162700
277540
28360
71548
752
20496
743092
133060
91104
864592
160972
35836
246628
12688
415528
70096
24076
38412
38800
438424
50812
68548
72664
69328
65104
69388
93496
51292
90720
2744
61828
153808
83992
76732
33420
574396
41804
90340
200680
277852
28516
128524
23524
125308
54184
256804
17104
192580
182572
88460
15280
760
69236
155536
179596
267172
91300
281392
58976
8100
75352
298420
278416
14764
292000
95596
56404
275884
257428
91540
121516
27160
809188
57808
84652
286084
40028
209236
13084
38296
376648
280072
63808
27920
332872
165196
118072
172492
94228
136564
76144
59116
184732
4133428
64408
275008
32560
284416
86672
259888
15596
369520
75508
63428
283804
31632
288388
13468
113344
55104
56836
46668
51304
402388
312604
67468
363472
58948
99232
239728
98368
26496
196348
147256
71392
51476
27656
87244
31300
143296
227728
248284
4384
247696
87704
199780
34480
633148
49024
212680
176092
862972
96640
7548
85636
68128
16912
81176
67444
92428
10648
570940
138184
451492
140092
92812
15352
424060
278152
31120
88612
4328
22660
45976
102544
97300
64012
4576
23380
116944
88648
13048
258340
614572
25376
70168
187144
207844
261760
149200
70396
118312
294916
141496
75724
85132
312172
7116
47668
94228
49180
78184
135628
26104
43116
129712
109456
13624
72256
203632
268
92992
171892
22440
73880
179548
263116
77284
18500
232720
51028
242020
60844
243364
356
194056
162520
34552
264436
149128
18328
411964
21000
99088
149956
1196044
42188
6496
81808
169828
126016
371788
83504
183904
172780
47264
280168
39272
162664
94084
157228
153748
210760
386944
127264
23972
132208
69256
164536
335608
15616
281392
18824
428812
971188
50272
59656
12088
9796
118204
180664
368980
105820
96192
251992
6416
193300
12548
46264
193444
106948
187396
59444
83104
292408
35944
97848
84668
4816
123136
34900
11164
2873716
238948
165808
204172
370816
264868
1924
53088
83176
138760
212860
31904
67876
648376
55224
92012
22516
46060
136384
64084
285400
5314408
47176
133396
134404
54316
237772
61672
315520
65560
86476
77404
308608
4842016
225784
173500
53008
557116
49192
75364
81200
152440
31392
26764
136240
137644
253984
102328
170476
90080
118204
469960
86308
1272832
224992
215920
26824
161644
30568
51244
25616
297016
212380
71468
8452
121372
75580
9880
2428
394144
152116
85804
424636
38236
120376
90656
8044
5500
21560
44440
34024
96300
242776
194776
254740
139204
251584
444616
191728
670192
44468
64580
253060
76840
17844
15316
186904
316168
86008
92864
218740
50992
575908
1984336
13744
16348
40504
189700
111052
30400
52100
144856
47584
757024
284956
321424
1438072
35128
42776
289732
97276
87816
1165912
178240
61432
190456
441124
134368
1622752
324160
298852
44268
731752
117664
2560
80932
115156
236680
39856
32680
129100
84084
126664
132184
180844
102544
301804
99952
65248
232504
26280
23164
102832
16576
138472
49380
257656
173860
56272
59384
22500
160360
258064
3400
49168
260620
35564
11432
957904
41296
199564
135628
29284
96232
268540
61840
81376
95884
4692
205216
439180
66184
113200
88624
97360
255148
212632
809188
29584
259576
198868
1867696
104056
1034692
88600
63452
268
71812
10168
45520
122380
3520
394756
272164
30504
298120
68592
199312
17176
64252
7456
119716
26188
124948
98484
39052
68860
239008
58588
82488
157408
398032
95344
377800
123028
41596
34012
79540
117952
54328
112504
27212
93408
84676
92968
68864
62860
70972
295252
77288
94576
129112
266668
310552
73744
221680
390976
