550456
74356
52288
47876
336616
133000
58900
584224
275416
313360
40552
79648
194344
144340
60676
695464
239056
20536
635416
61216
211732
43792
106036
359944
74356
154996
129064
223072
88900
1.08038e+06
85840
23056
370816
1.27694e+06
95080
90880
175984
180760
706480
71008
9012
821176
138292
2.48006e+06
9232
8.15362e+06
48436
67048
2.48492e+06
294100
120580
202804
270052
804544
294244
24640
39364
125656
5076
95956
455380
825712
517588
90856
21616
708100
46176
1.65774e+06
80980
133000
122308
112336
226960
34216
3.80975e+06
9232
8.15362e+06
1.40405e+06
90160
118096
134368
142612
44980
267928
14308
715696
549556
43072
374704
34080
93904
699352
278800
38328
71848
176740
40120
373300
136672
1.04074e+06
15636
1.79382e+06
259648
142384
190996
178816
413620
62260
132904
209680
70480
182068
4.4746e+06
18448
1.27694e+06
445480
94264
67048
130816
104884
341656
32776
51028
1.27694e+06
1156
42948
21688
181960
399976
95956
53512
209680
41200
293056
27856
142192
512944
10936
100144
225988
71188
40552
14368
4264
250504
54328
176308
619648
265240
233656
20228
49672
27232
56776
547540
134944
852928
46240
986884
790720
905416
16000
250504
42472
4372
201364
189808
215272
1.15018e+06
16384
355588
394144
143764
17092
104920
68020
383776
4372
165544
266644
1.35275e+06
499120
321028
40552
433168
250504
119536
13444
112084
952864
275560
131752
9232
243304
287512
243280
95092
18880
86056
346336
349216
46004
420820
9232
329344
6.81014e+06
255472
92320
292948
65608
71872
260224
106612
272692
1.26894e+06
14068
6.17171e+06
6.17171e+06
59956
189268
350800
250504
60208
75568
349144
42256
286576
36872
225880
472372
503008
98308
146824
201688
18472
176452
96712
497176
250504
31792
353968
268132
45520
210064
806164
9988
21476
9232
114856
9232
9.5438e+06
230416
1.0065e+06
3232
133864
2.33544e+06
74068
89584
149200
600208
108400
714904
70468
445876
128644
223072
51256
138976
164404
63784
69712
540916
457972
14776
383776
190996
243976
40144
115648
829600
121936
20744
6928
22672
66952
242656
192136
201232
1.04074e+06
58912
3.25863e+06
1.27694e+06
1.37781e+06
4432
203776
71440
419632
395440
168136
158128
95956
44224
32272
47776
292912
97216
95956
1888
1.73064e+06
9232
40756
44008
9232
158416
82948
553768
95272
45952
194056
367144
9232
6112
247744
51028
32776
150496
38536
262288
76696
17780
68512
123688
381652
103840
13160
229912
110536
290464
54760
95956
383344
63376
103840
28864
69316
9232
136888
50848
52840
141508
131080
99736
70288
284056
33352
42544
1.07454e+06
171376
87592
153520
433888
726784
26932
111616
39184
14128
39616
85048
311344
123280
8248
203032
32032
80512
9232
6232
169780
549664
244996
552580
811924
12688
335824
48976
42496
69760
26980
250504
39364
118096
78208
208384
17332
460888
1.01896e+06
59776
425572
14632
677968
17332
30976
456676
65680
138904
71620
254404
214216
1.23784e+06
98416
118096
34216
32992
17092
682072
66592
625480
945268
91528
258964
50848
253312
400840
202372
216916
15412
1.37997e+06
87712
102760
26356
232468
344896
135736
44308
9232
407140
345544
163312
3.65229e+06
64384
6.12797e+06
54448
51688
67768
17476
121552
250504
45088
476440
1.03469e+06
131920
41144
137476
1.9929e+06
51604
196072
1.35567e+06
201688
196072
209680
65284
621592
128488
1.27694e+06
168820
538000
152584
9232
44404
83104
140296
250504
2.71144e+07
16900
16084
31312
80260
2.00766e+06
733192
57184
16468
15664
248968
153040
96820
107728
29656
619648
166912
236680
313684
172240
835432
113704
299608
4464
204148
142768
250504
439720
1.95518e+06
6244
163780
731248
168640
88216
250504
1.10061e+06
174772
95956
70504
393496
63616
724948
122032
76516
21688
252052
287044
119188
163024
65104
252304
471904
147076
214360
17332
85048
89296
123412
2.75999e+06
240784
84544
168388
383344
31912
38680
3.5823e+06
133864
555316
384280
15064
74248
321928
381184
538000
189652
126088
181600
217780
41032
9232
290464
61936
710368
123424
65392
3.24524e+06
157552
278800
705184
42388
15040
137860
205744
42544
158164
78532
225232
87496
326248
9232
84964
3.78642e+06
26944
118096
1636
9232
6.271e+07
91672
957904
88756
351160
45520
221572
39364
277000
127432
94048
217780
163456
67120
235060
208612
25648
50848
30964
6.81014e+06
32560
43972
61504
323908
85300
23104
104488
735640
92212
26712
68452
16648
715696
64132
202264
80512
115936
61864
71764
21448
9232
31720
424
63880
106288
236356
371248
6.24443e+06
473668
150064
73540
210952
43864
29488
81268
2.09514e+06
68920
116224
3472
153880
427408
41524
69712
231136
5.3993e+06
165220
68452
72736
293488
16072
395440
41092
6.22161e+06
94984
704032
132196
295444
4992
245320
76228
46168
85828
4.54944e+06
118420
281860
758644
203848
26728
2308
166696
83896
71656
41488
105136
42280
88936
201904
219976
16480
212944
1.66768e+06
40804
15280
149248
83104
464128
2.78915e+06
15024
214372
374200
222568
233512
32452
59776
207832
28384
31432
37096
400948
13912
48904
211732
59992
817936
150064
39640
122308
54592
26632
385936
967840
3256
2.12646e+06
106792
136564
82132
16304
104212
2.19548e+06
335392
211684
250504
1.16786e+06
55600
45844
36448
403864
240592
274216
227176
175912
95956
240388
177856
208384
71512
3220
25000
36052
5828
9232
1.70228e+06
89800
15064
10708
117652
2752
497176
102688
286216
73384
2.1972e+06
239632
287536
145780
105280
135592
7876
37912
214576
23524
106564
173716
856816
2.36925e+06
99664
19744
156112
345544
295408
6.81014e+06
42328
225988
9232
155824
484756
253156
141448
9232
1.4439e+06
149776
142984
240568
30856
20680
560356
1.31193e+06
1.27694e+06
540916
486952
486160
478384
1.02188e+06
277360
990304
1.33115e+06
81808
227284
96820
19720
20116
298240
538000
50848
86560
74680
32212
106288
251392
43072
37632
209680
12040
448432
190996
246784
120880
14308
330676
15456
164752
43792
37744
35488
496996
228112
222784
169648
95956
224272
224512
473344
67696
400948
65392
9.87503e+06
56788
42272
125188
119812
28432
56104
197824
115240
907360
62944
110788
186676
182068
63664
1.11947e+06
43792
93472
121768
2.32475e+06
255040
5044
190996
49032
281716
11104
40480
185524
182068
52648
204928
54160
164536
163588
72376
218368
446308
459808
1.26408e+06
95956
774196
180964
37636
52360
71080
24352
30832
8712
18832
209680
129184
1.40405e+06
42280
50740
15316
659716
497176
41632
438100
398032
42500
250504
48448
775168
123424
128848
113560
241684
146176
147076
280384
11392
14896
27336
286144
5632
324376
419632
205072
23280
332080
75712
114292
43360
192772
174472
584980
497392
400
45520
6424
164104
377620
110440
16552
19360
44980
430432
468016
287392
235924
163348
134116
675844
172528
266596
345544
122308
147112
629584
44948
103096
1952
246292
26296
250504
48256
16624
135556
50848
101140
678616
318580
168352
9232
229828
215632
124504
295216
12328
236404
90136
18608
1.95129e+06
13336
182068
198448
57400
150388
369088
57184
599056
801880
205072
22120
244288
98836
173992
129760
481624
95956
66244
21716
311344
252160
205780
47968
254752
39364
48196
91672
914164
9232
2752
14740
153448
250504
233056
42552
85048
56680
61720
149200
9232
824416
391696
117544
120256
212416
95956
213172
645892
48388
2.63363e+06
115648
76624
159124
54340
116800
582928
186064
39364
126064
45856
36352
306916
132868
95956
235540
24352
2080
625048
130228
476008
325888
599236
171268
144340
95956
162628
26816
9232
9232
43432
344968
37108
9232
384640
796552
95656
164680
18736
97336
95956
21688
6.81014e+06
226672
225568
250504
5.91802e+06
618676
255160
186928
52144
55888
933280
5812
3.1665e+06
125224
29728
498472
431296
191824
495664
288232
2.5617e+06
232804
182068
262276
739024
166804
69316
243376
129328
594592
48608
225988
42064
231496
131956
593728
28756
103012
164248
107080
205168
784
63172
12784
467044
312928
30100
184984
45520
12292
41056
34072
1.91126e+06
214324
85456
45680
90448
412612
66832
2.31676e+06
10312
9232
87904
175120
175108
1.21013e+08
302704
209680
575728
785536
20640
17492
326536
7876
25264
875284
250504
329812
190996
190996
39040
103444
132196
19312
93880
58048
63460
168688
64816
680560
61720
155944
65416
17960
40096
9232
16576
97312
102292
176740
227464
164752
116584
504196
1.06191e+06
50464
547396
68308
1.05413e+06
339928
250576
575728
9368
2164
456244
5.6235e+06
74128
350404
85684
115504
305908
240928
41920
292612
59776
293272
108808
274912
166696
68752
183748
55456
255472
259864
1.11947e+06
26708
789748
9232
392200
66868
539440
287440
206872
414772
21760
185812
136660
274528
144340
91672
95956
179152
198196
206488
220600
392020
269764
846916
163780
619648
636496
196192
200608
309076
161416
47728
190996
99736
113896
4.13343e+06
225988
171904
58708
182248
31828
1.4627e+06
36916
68632
695464
79540
957904
2.88246e+06
95956
284200
564568
151636
53620
104992
481624
6168
227284
209896
1.60526e+06
253192
796552
146104
257632
41524
61480
785860
15316
301912
312712
2752
11344
268960
275560
23812
106324
90520
905416
49300
37432
156148
71620
250504
73912
134872
236356
1.27283e+06
13508
410884
9232
542212
29812
4372
223072
102976
205828
370528
1.27694e+06
284200
459592
72016
36196
110212
220624
55888
275680
1.29033e+06
81952
36084
98116
265216
138400
975400
95956
72880
486304
9232
195604
817936
341152
22096
586600
180520
41920
223072
28600
36712
22384
71776
35700
268888
93328
200116
20068
8832
49492
80692
24880
206248
9232
72880
13552
83536
323728
905416
49312
345544
54196
150964
6144
610792
62836
249640
250504
361744
22448
76624
9232
267904
103876
22276
136888
785752
145072
975400
120256
285352
98008
1.42446e+06
179656
124468
47584
299320
63316
56068
238552
268900
147376
1.49445e+06
5.41355e+06
350728
27760
1.20026e+06
199864
86488
198160
697408
23908
14164
136984
599056
9232
190996
250504
875284
1.28352e+06
27016
93904
40784
132520
275560
736
400948
194368
203224
217312
262708
40888
38536
759616
163456
189268
295216
9232
190996
457972
599056
320272
180448
58480
723652
87712
49336
375496
247168
9232
250504
64960
2.12646e+06
499120
244276
31624
424276
494080
4372
113488
242740
291736
49360
954016
52288
472372
71872
599056
2.5238e+06
76516
100420
5956
156388
16324
252676
21652
481624
1.20558e+06
145204
293056
21464
116512
9232
57400
251584
65716
66928
169936
345544
114352
69280
1.14453e+06
51172
190024
38932
13136
56788
71476
379240
2.48006e+06
314656
6964
34792
223072
1.27694e+06
455812
207112
209680
205252
128200
209488
5.41355e+06
317032
12532
31192
14640
55156
314656
542104
67048
69712
976
68416
109264
104308
36232
72856
142900
51844
83140
817936
76036
61720
431296
695464
37120
481624
64816
654640
46672
3256
190996
19552
39488
334744
599056
219184
150964
25144
287536
1.12394e+06
9572
30532
47008
21688
295768
199636
308608
3.33736e+06
293056
496996
9232
24352
551608
29032
485512
244276
34696
12592
1.00877e+06
52000
131560
264808
134548
54496
2.65502e+06
202984
137476
26656
350080
144880
101416
312856
38608
6.98063e+06
436948
1.37003e+06
767392
48868
143152
63664
168136
22724
221776
350404
42928
69784
129424
304720
674080
176740
93544
672352
2612
240232
2.03535e+06
22144
400840
147760
201472
68416
271204
159784
96100
1.43886e+06
19204
25000
121648
1204
240568
6.81014e+06
219520
28240
175444
13120
69172
44768
190420
344608
249568
10288
18568
219076
109960
61000
8.15362e+06
27928
43320
122344
31552
3.93496e+06
65428
2.42368e+06
1.27694e+06
45088
9.63592e+06
481624
98584
628
33424
1.60526e+06
25432
104308
230848
41656
116944
104008
341152
282832
426328
265924
663712
248068
143512
599056
1.62686e+06
81088
525364
222100
599056
284224
275380
34792
217240
408724
165076
672136
241864
287332
338560
12064
36616
134224
817936
10264
180376
110980
318868
60568
9232
97480
602152
844180
93796
398896
164164
170224
20872
4.17717e+06
539440
1.56476e+06
332800
8.15362e+06
237976
4.73823e+06
40120
149512
143248
26932
43368
3.08486e+06
434968
283336
171736
129256
59140
157408
78184
14192
242008
5.31441e+06
154708
116692
18520
275128
17856
49684
2536
58948
126688
542212
323008
3.07492e+06
18536
284308
56848
300328
335716
102544
6216
208096
150352
32992
283336
386368
121552
56020
179332
18856
184984
166804
120328
125440
357208
291688
1.16786e+06
12472
192112
3796
157192
5.91413e+06
31712
26368
21688
310768
6.81014e+06
219496
33352
35416
2.48492e+06
267124
198184
476872
202768
150100
109480
44488
67768
137152
164164
425608
155332
199744
1204
195640
79252
114484
44224
174148
1.16127e+06
14416
157192
291328
458836
49688
129472
695464
40552
147544
209716
137344
95956
39704
22980
45520
138712
68308
135664
105172
65716
45412
54484
162952
108136
45520
10612
47168
38632
101140
735316
250504
73816
105928
946564
8.15362e+06
59668
60148
61720
202480
287656
3.73394e+06
9232
106324
771280
28288
19552
37312
85252
69640
299968
162628
73960
159220
29332
118096
31156
15028
70144
6.81014e+06
70864
1.21013e+08
110464
1.26894e+06
458836
193000
190996
25348
711232
308248
55456
88180
223684
169792
1.27694e+06
1.10954e+06
118624
333880
52
153268
122992
211240
378808
243808
95464
35812
339928
29320
6.81014e+06
267280
846916
41384
137752
16336
896020
73096
130048
225988
116800
48832
2752
108628
231664
97072
118420
18820
319624
83752
62728
104704
129328
548692
1024
183688
6.17171e+06
29248
44596
104644
2.68612e+06
1.22308e+06
1.40405e+06
250504
222688
54808
3.56754e+06
89152
82024
9232
4.91492e+06
150040
37812
80920
48104
180904
118096
137584
84544
994516
190996
49408
173968
169828
60820
2612
5.8354e+06
143368
15928
374488
363904
494080
74392
35008
9232
1.0452e+06
56920
13552
9232
561760
235312
39136
84292
1.11947e+06
560356
20248
154816
6484
22816
6.81014e+06
50452
60208
213280
63376
186628
85840
336148
61720
13588
1.6949e+06
280420
44584
189016
65608
14480
611224
248836
280816
13120
96580
8980
160552
186676
2.16513e+06
19480
1.35275e+06
74176
225988
846916
190996
58624
1.46511e+06
115504
338740
1.01914e+06
67768
668788
3616
1.92893e+06
291496
200752
6.81014e+06
181492
5056
194752
5760
196648
27784
39364
246496
50968
72352
99256
116008
34736
103792
46368
172336
555496
47392
52864
137968
13444
18608
1.36517e+06
145816
138400
142216
98920
160
40804
166048
135232
40116
14308
21688
6.73158e+06
133936
2.1418e+06
218164
121876
237976
1.58387e+06
899584
118096
17044
209680
254056
94660
171376
72472
146776
42036
238504
400408
383560
336
77344
18064
314656
152008
975400
399976
32800
45952
156328
3.98882e+06
470932
215296
79684
276424
144340
9.19852e+06
6.39898e+06
285712
338992
139024
42016
91096
361780
737476
135664
44200
250504
952864
9556
44520
1.32532e+06
120544
1.42641e+06
211156
604096
97252
626452
48568
230848
599056
9232
15640
74176
954016
330964
319300
595348
215764
117664
47920
77848
9232
74608
341332
298132
225988
134728
20020
37744
295864
278104
24164
136132
119536
101080
476260
148852
785680
165184
271960
505924
126664
108736
321460
1.80182e+06
47824
118312
301120
329992
315412
269728
145840
81952
400948
514996
30904
247348
175120
67252
19768
184192
28432
366064
160216
9232
475144
498616
156760
1752
73168
126232
258856
620944
340504
48904
95956
18520
257416
164800
293032
224512
133072
401920
695464
263896
207112
51172
107296
1.50514e+06
75892
85636
246868
1.87936e+06
184084
28740
162088
1.08038e+06
65428
176740
12632
256084
18736
1.27694e+06
72880
610792
144736
32560
689632
1.27694e+06
30256
68788
15172
90208
30792
435616
735316
60244
1.40405e+06
11968
194752
107764
7012
280132
306484
2.61984e+06
34576
157120
120376
102544
65860
181060
225988
83896
1.04949e+06
195856
80512
250504
58552
41776
211528
250504
359152
377944
1.10856e+06
23392
209968
17844
2.31676e+06
22312
395188
94768
215872
558304
367144
7780
40072
51172
127924
21040
289168
747952
736
33976
91456
897856
634228
517480
9304
1.11861e+06
2536
246004
42976
404980
639088
223072
88216
76624
485332
36112
88384
398032
42856
9232
887920
1.27694e+06
2608
730456
124276
269128
619648
281956
1.1387e+06
212308
857032
41920
26064
35616
166048
422980
161008
314656
1.27694e+06
6.88905e+06
12832
846448
20792
28288
3348
26548
16936
419632
12712
95956
70036
110536
102712
229336
62368
631636
208384
255472
104020
2.09255e+06
560356
375892
1.52125e+07
25972
138400
184624
283048
15712
87172
236752
447604
359152
313288
23248
27400
247984
190600
270688
174472
113584
47112
196180
65608
250504
282580
731248
164896
35968
304720
359152
118096
31636
114352
957904
313360
155824
277504
213568
19744
218680
545128
5.3993e+06
17476
817936
39112
2.42368e+06
50176
2.41882e+06
340576
281716
20224
86020
95956
53344
1684
53524
9556
9232
70696
55384
112084
46384
140776
619648
79240
675376
359152
343492
1.95129e+06
347956
140884
6.81014e+06
144340
46384
250504
1.80192e+06
15856
164020
433672
70576
150496
50272
165400
193504
215512
30676
1.01039e+06
391552
260872
217240
312064
3.82066e+06
49216
9232
5.73431e+06
15856
174088
359152
1.27694e+06
1.26894e+06
312496
229588
61108
33136
134992
49252
319192
499120
13120
10336
431296
1.27694e+06
140560
166696
145792
699568
266632
619648
229696
266632
245704
9232
259828
331540
130288
133000
1.34555e+06
680884
2.32475e+06
46688
137752
429028
25648
13012
436264
9232
25536
48400
405808
43840
177760
211408
134512
98368
78640
190228
359944
59368
70516
9236
136084
18740
210436
96808
35728
5.01433e+07
11380
3.28487e+06
279664
40552
174472
199744
359476
607984
1.56476e+06
34024
78064
223072
2.13287e+06
399472
120904
94768
839968
236680
132100
222136
1.70228e+06
39364
407968
24964
2.07765e+06
103840
395440
37636
45520
8.28614e+06
237976
444688
381976
172372
289672
176740
103732
253672
61072
157120
599056
14504
64720
206320
2.48492e+06
319192
55936
9232
359152
182248
5056
40552
15280
334852
1.36906e+06
250504
1.80182e+06
39508
1.32856e+06
138400
337588
237760
105352
255472
146500
296116
463624
455380
445876
234208
165604
209680
663208
117124
329992
449764
138400
15616
11860
18484
464776
117808
136384
130288
9448
2.16513e+06
302776
272644
211732
206980
144160
680128
124468
54808
365632
16328
118672
43204
250504
27040
46996
22672
57496
435400
184336
163060
139504
5776
144448
58336
165892
1.7824e+07
99592
809188
593728
512944
52936
468808
281824
218536
122740
39364
11284
20200
192436
398176
1.21646e+06
114244
1.48422e+06
575728
135592
2.9437e+06
478600
33424
43528
20392
142720
612196
36048
21688
552904
47144
164488
61888
40724
14308
104068
105568
164752
264232
9232
335824
564064
547540
74356
1.27694e+06
587572
181828
394936
73492
21864
734992
88180
274576
149992
849040
222664
1624
26008
539440
245248
372112
1.96392e+06
45520
238948
118096
209824
55888
144340
112168
62164
59704
432052
93040
225988
95200
103336
39364
846916
2500
401560
406996
244420
36100
216376
91348
310984
18292
509920
779056
57904
4320
41524
64408
46148
39364
2.1593e+06
599236
662416
7720
365776
1.80725e+06
3.26154e+06
275296
6.81014e+06
22912
9620
43252
5.00564e+06
494080
9028
530872
269728
774196
2.00766e+06
98008
226720
80512
166408
47512
20292
91096
216736
338740
60100
49876
18000
247480
2.48492e+06
141424
63016
191440
282472
500416
176308
211984
24160
345544
68296
14448
144664
410992
42644
46360
2.48006e+06
1.27694e+06
26900
15640
377944
156328
911248
1704
25396
216916
244468
26072
1.32532e+06
262276
9556
141172
468016
119320
936520
167704
78880
18016
176740
1.27694e+06
402352
43144
70468
12004
150388
22768
6.81014e+06
156004
265732
728512
184168
21396
342448
253528
1.70228e+06
73144
24
91672
575728
24928
123808
517912
355480
155824
66292
175456
153844
46048
133648
90136
70576
302020
102112
481624
1.16786e+06
472372
92176
218776
44212
14020
158920
5976
374596
245104
1.11947e+06
87748
17944
170584
1.24778e+06
80512
16896
217744
439648
70504
30820
145732
427840
293008
134872
224260
610720
44944
271600
63016
30064
156436
215236
416392
52084
29032
402244
80080
430432
209464
2.32259e+06
300832
17092
30964
53044
98548
2.67759e+06
144340
84292
13120
381976
199384
12368
73780
176740
281716
528280
93076
291076
763720
36916
436480
66616
102112
28276
14344
42016
395440
1.27694e+06
18048
1.27694e+06
13232
151060
165832
256768
114100
1.27694e+06
149200
517912
32884
119056
9232
108400
367144
227104
78424
80692
159424
267604
72544
49888
296680
102016
51520
67120
287968
110776
9.63592e+06
239320
99796
662740
21664
165076
66880
68584
95956
33328
5.87838e+06
2.48006e+06
80980
975400
282580
18516
85348
952864
287764
67768
27168
63520
115504
76768
1.48278e+06
1.69274e+06
190996
267844
41460
23812
94768
304720
32512
750112
85840
18800
897856
225544
254944
32560
84544
134584
210676
271888
190996
237976
88948
108916
54856
661768
500884
140104
2.39549e+06
388960
53188
654640
424456
434968
227860
47944
79072
250504
9448
1.46511e+06
64552
95956
178576
259828
9232
250504
225988
133000
610792
9232
222964
1.15446e+06
12952
355588
100324
416320
95188
383776
365848
8512
9232
235348
202480
39508
182068
324
1.27694e+06
250504
116008
5.01433e+07
1.10061e+06
316276
255472
162664
23968
54628
396304
68056
6.88905e+06
314656
26176
526768
23572
49984
235156
46660
273472
17332
177604
73792
258388
856168
1.38558e+06
884032
11860
19156
91504
225232
255472
21088
220480
364228
29720
37744
905416
156328
187936
447496
101716
917080
223072
355768
55072
133864
59872
38432
196720
1.27694e+06
145312
9904
118672
4056
85840
219076
52
280420
53764
134836
79216
104164
16948
101392
447172
189844
430432
1.60526e+06
168496
12312
47748
662416
83944
85588
32640
516616
289636
74392
56104
109024
240388
61720
124576
166408
287080
36016
231400
135592
225988
89908
250504
20896
180340
47056
14512
61864
269668
116080
9232
44596
146836
3.10408e+06
59776
32056
144808
345544
568456
222772
223120
75544
200932
274192
7.83293e+07
326320
304720
17476
1.27694e+06
126724
118900
151360
138400
35096
897856
336148
74464
4308
118420
167956
217240
13012
23476
189520
470932
178576
194056
1.27694e+06
34000
293056
155344
13120
1.56767e+06
41112
94552
103336
183760
402388
241864
984148
573640
138400
569968
596104
137896
94660
208384
234880
39364
186784
1.52944e+06
433024
2.41785e+06
122200
275992
2752
46352
78640
127168
520936
250504
86548
31408
139552
38932
35908
9232
3988
1.92018e+06
654964
43360
113632
374164
44224
14392
41920
123400
286672
209392
114964
57832
24856
287032
152116
182608
42336
138580
46936
201184
295864
164932
227284
4.13343e+06
718144
806596
345544
276544
86020
49936
215620
61720
18200
774196
1.61692e+06
41944
159160
80512
99208
394792
180520
13108
56608
19456
207412
774196
3.16532e+06
715696
58768
303640
156388
1.03955e+06
35040
56848
121192
270832
621592
400840
330964
166672
58804
16072
115144
8.15362e+06
84148
361528
278368
349504
48580
18196
778408
152116
44824
695464
1.31938e+06
36352
261316
172528
32356
94768
23472
259072
112984
136744
156004
64552
206368
277396
444688
152644
116080
9232
2.63169e+06
209824
296296
195856
78136
1396
9232
650968
181096
13840
123412
86020
51892
106432
159892
808
330208
33508
86920
176740
954016
13748
244528
610900
95956
87088
237352
38932
699568
212896
182068
180352
75544
244960
1.46939e+06
47332
34328
31408
18280
90880
132784
1.05251e+06
1.10954e+06
785752
123028
51496
663712
59704
22336
57688
302020
68608
1.37392e+06
45088
679156
818584
486952
6964
512944
2.84164e+06
320488
6.271e+07
152728
52564
203848
89584
237328
22804
31192
1.95129e+06
5080
662416
341872
237976
3.5823e+06
695464
9232
252052
120040
24784
1108
16680
526984
65608
189664
377944
486952
41504
619648
90880
243304
267712
60352
4.84202e+06
89368
41008
281392
38500
260800
36052
55684
32296
14596
144340
31444
295216
313936
38644
434320
2.94208e+06
899584
975400
215764
74392
37176
499120
241864
69748
9988
800440
6.22161e+06
40864
4372
1.94934e+06
19600
542212
12148
11860
114352
51784
18388
10432
576772
616552
50920
1.02616e+06
18196
7.41803e+06
61936
256096
190240
50776
536164
400948
188008
3.93496e+06
250504
18628
250504
101920
241684
121984
29536
381184
19464
40520
1.27694e+06
23380
227872
362068
187216
25792
35152
105928
112072
8.15362e+06
97684
250504
853720
284128
304144
875284
170272
55384
82948
914488
72736
10984
715696
159136
634228
6.27942e+06
8.15362e+06
106216
40408
304936
111760
2.95245e+06
8.15362e+06
354904
15108
14784
12400
61720
250504
222256
291472
168208
155248
846916
171700
69316
61252
67768
42964
159496
41668
164752
12688
100384
187576
9232
214720
697408
9232
138400
431620
6740
512944
68056
122512
261472
250504
47288
205396
138400
139840
127060
190996
959092
37816
317140
70660
90448
118852
185704
655936
23056
420820
192856
116608
412936
32100
505924
13480
61720
501928
55312
178900
234208
575728
94768
257896
221704
66760
480004
4100
38152
1.00845e+06
49984
89536
208456
16080
19912
350944
28696
1.40502e+06
3.56016e+06
228532
106432
4.78297e+07
91828
740500
2.72482e+06
423232
131812
223072
272536
422872
7888
14176
36484
90628
400948
19816
176740
144916
175300
33136
13876
133972
28384
266596
40816
587464
24784
243376
166048
35608
356128
42280
196648
143152
164464
227872
989008
146500
107236
695464
409696
189652
3.50973e+06
70468
25144
1.40405e+06
224260
300724
93616
227248
2.11264e+06
423304
40584
89008
665224
675376
135808
239104
49432
1.27694e+06
531988
2.48006e+06
2.39549e+06
176740
625480
199744
984148
177460
269332
43876
469204
2.09255e+06
95956
4624
9232
525040
17152
46888
2368
237508
138400
32996
426328
9232
202336
177604
464128
323224
740392
95668
4.76328e+06
17632
164752
481192
38536
9556
207928
86020
29568
188728
855664
795400
416392
694816
1.56562e+06
40360
416104
125764
408616
65608
1.01428e+06
36424
52864
2.78022e+06
163600
449224
115540
15328
366424
67072
11092
67048
314656
201364
498472
45764
85456
31600
497176
182068
37096
62416
644164
4288
142336
1.11537e+06
34880
905416
359188
76372
202984
18244
197872
405160
221536
630340
89908
59248
207592
464920
849040
20308
89728
399328
56680
95956
122344
984472
1.70228e+06
152584
205360
95956
360340
645460
203956
139456
267520
182632
634048
127636
336976
76768
170800
359152
9232
107656
212200
40120
145960
18592
94432
80512
125800
117520
298132
170584
80512
300832
194560
725920
28600
144196
3952
5.01433e+07
221332
146356
8360
853720
256552
75316
12208
139840
1.30199e+06
215764
220696
480004
1.27694e+06
90808
337048
219760
133000
153664
89224
1.34087e+06
90880
58624
251944
1.36013e+06
532168
63016
19600
284848
1.52213e+06
564244
30164
305512
209812
190996
1.73383e+07
520504
160936
512944
84544
984148
362176
8.15362e+06
126664
241672
17476
232468
255472
183124
119248
190996
18520
158452
60100
45204
565864
128416
191392
51568
625480
2.20595e+06
188224
228904
61108
39364
106900
260200
1.03955e+06
184192
53584
45016
164224
16936
49800
79216
260692
26776
45520
493720
28096
71440
984148
239056
15280
153832
155080
250504
7216
24340
97792
67444
774196
257992
39472
553552
55888
476440
76372
16792
440260
190996
71224
15880
398536
36436
326248
231892
13120
20896
286504
22720
140884
1.27694e+06
218728
319300
107764
118036
275560
37056
6836
73396
122884
1.27694e+06
158008
201688
11392
1.08311e+06
41224
226456
133000
30416
23812
39364
5.3993e+06
80260
24064
208384
296116
44928
1.10034e+07
60868
188692
223684
205144
6.81014e+06
6.81014e+06
897856
39364
220480
332800
285892
46384
66760
121876
10448
45844
103360
644704
288232
5.76466e+06
39364
20980
40616
131200
4.03563e+07
53944
135616
183604
725812
574936
1.27694e+06
1.97008e+06
115828
208
94120
147544
221776
4768
95956
135184
133072
213736
250504
3.05786e+07
17416
576232
207616
4372
8.15362e+06
161512
695464
321568
229012
333556
15280
599056
73684
34324
202984
604096
138208
28180
9232
11908
184192
210472
547720
1.36305e+06
26008
319768
676816
6.88905e+06
123064
198772
54688
23956
252832
674872
5224
257236
362068
11056
2.55879e+06
190996
35536
1812
20752
208384
116872
284416
190240
109972
71680
17440
42952
260980
330856
128680
51280
245572
497176
39040
250504
10096
61672
72064
536272
95956
219400
5812
374920
213712
596968
531988
2.00766e+06
61360
18836
211300
23992
17936
69184
103924
82096
146464
80176
2.09255e+06
261736
190996
44224
219184
19208
121168
188608
15856
210964
62248
132820
14308
116896
34344
462184
2.33544e+06
153412
355480
287632
178360
19432
9232
71296
73096
9232
77272
20944
329668
723328
45520
24280
554848
61096
34648
25792
121120
40096
280576
295888
250504
166192
237952
363364
378736
48580
190996
1.05251e+06
59776
40992
105220
345544
1.18535e+06
11176
113056
95128
70048
146404
29460
261556
69640
110272
32560
1.09301e+06
4.00221e+06
16488
88756
381904
62224
400948
25792
47896
59776
118096
67984
101800
274480
345544
2.37508e+06
774196
118096
366568
1.21646e+06
99352
60100
160768
675376
11392
295216
251380
7024
103828
140584
103984
83104
378808
79648
56512
176740
222856
267784
250504
159892
127840
990304
245320
261736
409264
173704
39364
274696
5952
116872
296464
66292
1.80182e+06
436804
68488
15184
153448
406456
79360
2176
9232
349972
17056
445912
246400
534112
9232
155092
1104
277072
144340
125392
43424
1.80182e+06
1.21646e+06
512080
265012
65620
5920
263896
3220
296728
831544
197812
34756
132928
46240
120040
259156
218932
99508
109888
164788
190996
156688
255928
397888
1.16786e+06
60256
1.4627e+06
103876
310336
1.27694e+06
634228
575728
329488
130660
122416
123136
634228
135700
1.40405e+06
166480
111544
8680
478600
9232
130516
24784
403648
58516
135520
84400
121012
497176
50128
86596
68104
1.13967e+06
9232
119464
83104
748600
74884
270052
31588
928
95956
179440
1.46511e+06
182068
806272
82996
261520
210004
1.77633e+06
53728
75136
54724
286144
58804
32080
9232
228628
274240
80800
409048
208384
542104
250504
143584
16264
113812
118096
2.12754e+06
227284
61720
392020
292228
70132
294256
104632
351700
164248
278296
170320
368
916
392020
250504
897856
215440
210976
107368
213316
2416
41520
31924
1.37997e+06
131992
220432
41524
5.93279e+08
59296
115504
166048
75844
445876
193624
157336
142660
250504
710368
15408
2.48006e+06
36628
201652
266848
45520
39364
1.67506e+06
173320
695464
2.09594e+06
46168
359152
48856
11200
32560
220696
521296
846916
1.39239e+06
289384
1.9069e+06
1.39271e+06
133072
96064
5440
42820
318544
352168
9232
260980
17800
27488
57376
111328
189796
533464
134368
87796
21460
32596
35728
23368
181384
114928
262168
59776
416320
359152
189844
9232
91060
209320
26008
250504
144664
63592
364552
225988
189268
552904
128032
284308
20596
54592
108160
65332
400840
241432
93184
209680
36016
103048
1.14572e+06
61528
13984
273028
299032
167344
1888
141352
151792
600532
155824
101824
1.34282e+06
88504
46384
95920
255472
119764
314656
506896
30184
55312
208384
44224
44224
83536
305512
774196
32776
68560
36820
298888
2.48492e+06
55192
44176
241108
211828
302020
692872
317680
327220
54736
223072
170944
9.63592e+06
228964
237976
230032
226960
78676
61960
10324
90964
42292
166696
73744
190888
29712
134068
100420
413584
130660
47656
113632
70036
514672
94768
55600
4848
64852
414808
15952
1.63636e+06
57424
651544
1.7044e+06
499120
235924
39064
117592
365776
473668
58804
155824
80296
497608
61396
61720
273616
415528
10852
246724
436264
237976
202468
17776
200932
123604
78868
11572
242224
172456
9232
836872
85264
9024
514672
140632
29012
79216
1616
61072
69640
50560
547072
952864
247480
416824
540916
112912
250504
322216
144484
270592
619648
985120
1.10061e+06
9232
18336
201688
208276
542104
5.76466e+06
340360
435616
1.12152e+06
176200
46312
41944
248488
1.31949e+06
46600
178036
1.36226e+06
1.56562e+06
200320
218464
28420
924208
225988
460240
101032
416824
24676
70000
468016
206224
22312
79504
14704
8.15362e+06
13096
3.14233e+07
293104
39376
245956
217408
392848
227920
275560
250504
1024
105832
2.5238e+06
8728
95956
48304
8896
70504
120592
61720
99568
18904
71440
17632
35908
223072
250504
806164
51028
398032
257728
269008
579904
345544
109396
135784
145780
981232
93040
181840
9232
316456
9232
71908
6.81014e+06
975400
106132
96436
89956
9232
119128
1684
2.31676e+06
299032
545128
114376
1.19529e+06
1.25613e+06
235924
133684
50920
85264
247912
39364
90112
210976
33352
80512
39040
5.31441e+06
55168
26392
164752
141460
79576
46104
132976
35140
74464
85108
198916
68020
59272
250504
338740
225988
137584
143584
96064
133072
131776
253024
95956
248416
68548
1.7824e+07
1.27694e+06
9232
15604
1624
599056
78496
1.26117e+06
494080
40336
404656
39364
957256
1.40405e+06
1.04279e+06
24784
19600
146488
406312
51712
311092
218776
897856
9232
149200
48208
190996
198040
118096
129472
18616
25396
52936
115720
9232
20320
87748
5300
2.96994e+06
126532
42016
71764
1.04927e+06
258280
928
176416
303172
104404
378808
575728
31156
281104
714256
205072
675376
95956
2.47422e+06
266632
18592
283840
15424
2752
2.48006e+06
190996
85780
38260
398032
6400
1.72145e+07
215872
24680
1.31193e+06
981556
2.94208e+06
255328
15208
407248
375028
84544
704536
104308
147016
72280
147856
169780
377908
72304
133864
40804
209680
6.81014e+06
9988
8152
47752
72544
209680
155824
178576
243376
742120
73924
952864
8.15362e+06
711988
818584
126016
65104
22084
97072
45520
314656
27076
351376
87184
17476
1.29648e+06
413656
292192
17332
65776
5.13775e+07
110680
168964
102952
140872
42772
125764
382048
153088
76120
479248
274480
8584
102688
39364
69844
71380
2176
12820
277792
399220
24784
62404
131560
18592
229768
391444
104488
149200
37040
8.51034e+06
113128
181936
147268
170584
55888
69712
1.92893e+06
57112
286096
66952
9940
547540
6.88905e+06
339028
134272
338740
135412
214468
3.84086e+06
237976
56656
39364
181492
40360
345544
62368
1.27694e+06
12136
101392
9232
219508
263968
95956
33904
199888
45480
552580
96712
69316
875284
190996
146500
271840
119680
58960
264616
899584
189268
1.02933e+06
172744
9232
21688
156724
108880
831544
173032
298672
297160
943144
434536
102688
288160
2.31676e+06
47464
9232
1.53527e+06
771280
107872
101716
289072
269728
770308
709288
140056
275752
149200
174832
531412
489616
45412
241108
2.0853e+07
2112
90424
3976
176740
119176
2.31676e+06
269728
203956
17008
48904
4.99948e+06
25888
190744
95956
174868
575728
179176
127636
207712
138400
512944
742120
267796
476440
163600
60424
341152
99844
45832
55492
9232
40552
27412
639088
104704
261304
33124
174292
651544
1.74933e+06
23812
95956
144340
18244
31408
225988
114496
961792
4.38129e+06
172528
32436
3616
61936
149200
55060
125320
333232
136708
275560
527632
1.16786e+06
94672
79816
26040
11560
44440
95956
92176
47188
189268
60736
250504
250504
234664
855664
118096
104212
695464
550420
148624
47416
1.52944e+06
265864
99880
96712
29380
209680
412504
287440
44612
71956
410164
2.70149e+06
39364
254644
12484
345544
32808
280528
123076
535876
86020
73048
69856
166696
317284
218980
190168
4.58368e+06
86020
79216
560356
445192
52936
811924
475144
127924
175984
9.63592e+06
15760
8656
1.13286e+06
1.42641e+06
248020
250504
140776
46120
279568
107920
101092
19124
108820
299680
108928
304936
292648
72616
2.5238e+06
883384
16
585952
95956
551608
398464
80512
9232
1.26408e+06
259252
671056
119860
337048
133000
278800
45412
92320
12004
31264
253528
55888
67048
17368
201904
84832
26080
466720
152008
274516
132496
95956
164968
16
58120
54196
800440
45424
1.25807e+06
291988
1.27694e+06
93076
246388
26368
4852
65608
209680
77200
73096
287296
73108
102208
530440
187912
1.69598e+06
343168
1.5555e+06
95956
1.61692e+06
159784
208384
227512
295000
1.56638e+06
217240
50692
102772
196228
238360
4.2384e+06
70720
2.63363e+06
840292
79216
115840
391984
9.63592e+06
158608
18772
22036
2.72111e+06
976
828304
533464
83104
79288
295864
129256
125908
374596
447892
2.07959e+06
517588
186208
3508
30832
129652
61540
171268
403396
44088
70096
2.16124e+06
120688
278800
170008
46120
29968
324160
14152
163048
107968
193540
774196
300292
709072
32084
55552
108052
243880
294004
99988
785752
5.85678e+06
315880
19632
30352
146896
9232
404080
943144
315520
59776
236752
164752
214324
41056
146608
292624
155968
330676
83104
39364
925828
1.08318e+06
34520
28564
527632
206692
29248
2992
128464
99664
176740
6352
118888
272752
560356
278152
1360
101824
226036
2560
144904
88804
345544
19828
423412
113560
462184
78772
1.48278e+06
81844
1.20026e+06
142192
182248
35656
104848
856168
77524
34720
40480
2.5617e+06
60436
41032
560356
175444
35248
6.81014e+06
70468
126736
171664
298120
190996
120832
623752
25748
392200
147040
134548
949480
722896
346804
138400
39508
583360
174148
297268
148228
262744
243376
116800
47044
155032
191968
302020
975400
37012
152512
190996
18712
16392
341188
56464
1.08448e+06
77512
38608
250504
190996
318904
350728
61108
138292
33460
144880
643768
4372
272404
299200
269224
447172
278452
386368
34000
324160
123460
97792
45520
48736
375496
149872
138400
18544
23832
9232
72376
226888
115972
398032
143044
775636
359152
129760
59236
40804
142576
39364
37732
109024
217768
1.10061e+06
512944
61096
166624
785752
94264
85048
661768
67120
453256
9232
37000
57232
809188
27416
14308
144664
183688
93616
415528
292696
91108
147904
3808
27832
1.39239e+06
32616
9232
115828
344248
315736
229828
24688
36212
659716
250648
30256
124720
57400
95956
191968
39796
1156
27412
100384
203332
80788
310768
1.52125e+07
84544
503008
129496
47752
11456
280420
83332
154528
13876
58084
711016
1.40405e+06
99304
491668
9232
129616
127672
25144
72880
333556
3504
1.08912e+06
529252
128104
219544
424276
42136
46552
9232
494080
28936
2.76194e+06
5812
324952
257092
132496
347272
130480
30976
12148
76456
495232
35136
1.64104e+06
141208
40180
67048
93640
3.1624e+06
71224
155824
899584
279760
201688
15440
534112
9408
216640
137428
313288
266608
621592
176740
258916
190996
50308
290392
29764
9232
377044
213304
194836
55840
787048
671488
46036
5044
294256
32068
1.01039e+06
21440
162472
208288
63016
209824
1.05705e+06
199636
390760
9232
9808
322324
9.63592e+06
95956
51712
42280
40480
1.27694e+06
27368
276052
14344
44936
128320
505924
209200
282880
129088
3.09515e+06
222640
160864
208384
198016
141232
112408
1.44196e+06
3.32905e+07
135232
99844
45748
21184
208024
9232
165940
101392
126820
5704
96928
223072
595348
149956
1.46511e+06
410308
267784
3.64628e+06
424384
117076
211840
84292
23812
10024
29056
110368
98608
33136
465424
970756
38672
31552
25096
542752
9316
136372
42244
207520
33796
184984
176308
182212
6304
16788
663064
550960
1.97541e+06
70468
82960
209680
137728
113584
177496
35136
53800
169936
39208
91492
101296
34000
96712
2.35758e+06
9232
53812
353320
22192
52864
30292
895048
319300
74932
984148
255472
143704
42168
38916
109252
237976
42568
402244
2.84146e+06
66472
624832
1.27694e+06
1.32942e+06
385396
250504
28672
45364
839320
20104
56080
3.33736e+06
117664
363544
222676
304720
9664
9232
48904
267784
35296
209680
352996
250504
523744
352852
539440
63556
10816
104968
2.63363e+06
32020
150496
42064
112984
146500
43156
547720
192928
38944
190996
175444
12784
78784
8.15362e+06
61216
23476
63028
197152
9232
453760
24712
118096
39424
374596
19528
95956
255112
1.4614e+06
86488
292084
545560
75460
631960
225760
130408
46888
345544
90112
169168
317716
74356
189016
20824
6616
111508
2.48492e+06
157192
14740
19528
36628
94624
80404
1.12833e+07
46896
1860
597184
10520
59992
48904
94264
6.1095e+06
9232
139984
20608
134944
281716
80512
55636
69316
191680
246628
28424
216772
170584
44616
14452
1.99892e+06
9232
1.18535e+06
13312
173392
17888
37092
195280
131272
48832
236356
250504
355264
323188
23632
142720
247048
250504
2.09255e+06
207520
269728
25264
386368
79432
13012
392020
17524
184768
8.15362e+06
93076
88432
292228
258304
202984
201688
5056
204520
120256
13720
494080
193696
216628
299824
12148
42496
385252
122992
247444
1.95129e+06
138676
135592
364228
65608
515860
1.06358e+08
159376
410992
21904
31792
330784
48724
568456
7168
247048
174112
153568
308824
104488
507328
133552
117328
203848
332404
250504
315088
207304
81160
700648
89488
66580
76960
20392
34000
295744
13792
36244
27552
39364
40704
40120
92392
385396
123880
319732
11536
1.27694e+06
434968
45104
10960
250504
146500
60544
1.28774e+06
200896
40372
51784
130216
190996
45952
261040
75400
1.02933e+06
83104
39700
714904
42580
1.81715e+06
532168
17176
143464
38980
487456
4192
107332
70912
399976
57616
90160
246352
179440
277648
9232
18176
665440
502144
69712
240388
8080
39364
272644
744064
12072
222724
9232
127108
176740
76228
302128
377800
374704
80512
88132
618676
78496
137812
324376
374596
183760
102868
384244
215764
269728
10176
1.24065e+06
77272
56968
32776
5908
243376
31912
229300
155668
1.27694e+06
5.31441e+06
61156
136336
46744
67768
22660
682072
91312
383776
279448
63520
190864
1.57026e+06
554740
104008
1876
42136
3.00105e+06
75400
118096
324160
261136
119920
345544
44112
52996
176740
330784
35656
195016
733696
146500
5272
7848
59776
41332
61936
421360
766240
374596
533464
270376
50848
66148
374596
225988
271168
314656
138112
457972
9232
345544
437128
207664
849688
25972
101440
281392
654856
237976
114100
192436
433024
223072
63712
647728
137896
28552
250624
75328
46468
135592
34432
1.05251e+06
6.81014e+06
8.28614e+06
250504
136336
66280
180880
9232
278800
293140
144340
71968
145576
271528
675376
151144
135376
26980
221812
35800
53344
320488
1.35772e+06
153088
89152
138400
3.23433e+06
42304
39488
398032
345544
9520
391444
75160
22408
237472
49876
93928
220660
95956
72736
24456
290740
26080
29428
275380
993688
200080
32056
39364
926152
87136
102868
170584
170260
92356
226528
197728
2116
11284
35264
30292
975400
61840
225988
15904
102544
4456
6.81014e+06
36340
6.81014e+06
52480
156772
5.3993e+06
551824
65824
5.42682e+07
1.27694e+06
400948
238948
6.24443e+06
519748
1.62686e+06
49300
1.80192e+06
662416
84040
27520
39040
601504
168136
223072
9232
785860
503008
259936
400948
816
11488
135268
381400
8.46984e+06
236824
1.32942e+06
5728
39700
54952
20232
48424
21220
31696
9232
1.53527e+06
366280
108520
751192
675376
305908
45520
120688
61096
250504
368224
1.16786e+06
235156
41776
41920
10240
29428
323512
9232
65608
34432
619648
48224
548692
104704
62260
45928
1.70228e+06
3352
14944
473956
138400
38296
404800
25936
240496
260980
195472
250504
253096
114304
63700
415528
218632
138400
429928
235696
36880
51808
16584
76516
888244
16264
161632
144052
65104
823768
51520
14272
26464
250504
56644
279556
155824
135904
653344
478708
120928
1.05107e+07
148096
250504
91624
215872
314656
196648
114208
24676
65608
9232
384640
1.10034e+07
47556
248452
166696
69316
481192
348784
196720
742120
34864
90340
225988
47816
159172
395368
82528
852928
26548
200176
67048
37636
1.56443e+06
55024
50644
9940
608200
47284
11176
334852
36448
98824
41172
485296
1.20026e+06
346984
26800
90040
590704
134944
144784
94276
363040
18628
9232
18328
118096
320488
498472
297160
66760
6.81014e+06
68992
85732
364336
45520
118048
346336
1.76272e+06
99928
1.26149e+06
1.01741e+06
27672
89716
1.80182e+06
486952
2.01933e+06
2.0853e+07
71656
695464
9232
2.79498e+06
20992
554848
41200
26968
345544
29968
102532
1.27694e+06
1.27694e+06
93040
39364
636928
74176
134404
71764
123928
176740
145972
44996
87568
997108
90448
5.31441e+06
9.63592e+06
295216
416608
220624
165400
44692
131092
9232
742120
33604
395440
45424
2.08056e+06
95368
715696
288400
349648
34240
241864
202336
131908
40048
2.32475e+06
33380
61672
33152
16180
41092
274312
131440
96196
4.15967e+06
255076
39256
765448
191860
104116
34064
253780
72232
744064
85840
73060
6.81014e+06
132496
1.47475e+07
320488
96208
359152
47236
21688
88
25972
648628
190996
61000
9232
9232
2248
2.71144e+07
29416
384640
374704
464776
41524
1.04074e+06
17908
183688
837700
269008
27700
422656
65620
114004
555496
3616
42596
22912
116800
224404
408400
250504
3.1665e+06
672136
89152
144160
63016
71764
26692
1.40405e+06
1.21743e+06
3.50973e+06
218536
39300
172672
30692
388960
112360
41320
64984
58408
267028
131200
36340
68308
75808
680884
45520
289168
13024
55012
90340
21688
400768
31768
246868
305512
1.11681e+06
774196
491344
497176
4192
447928
1.27694e+06
2.12722e+06
27376
250504
493396
32776
1.27694e+06
11320
10576
55492
153880
1.33698e+06
112852
908008
24448
42424
914488
166912
2.72111e+06
79108
26728
115648
1.8069e+07
250504
665332
403360
732724
179920
120808
176740
541780
53728
352168
27316
220576
954016
514996
22696
223072
303568
102736
215944
45520
1.27694e+06
361060
190996
13336
336616
372292
220072
13352
45520
250504
69280
225616
250504
76336
133864
190996
18520
16552
26728
9784
176740
34432
29872
250504
121588
130408
84400
132352
56644
120736
250504
345544
141784
857032
86020
857032
59056
6.98063e+06
120472
1.19529e+06
10096
2836
5.73431e+06
163780
80152
162772
77488
188224
610792
122212
481624
215872
147496
5.76466e+06
1.73939e+06
32272
4180
142360
11632
135616
1.46511e+06
317140
423304
679156
15056
95092
36104
277204
104164
82480
273232
83440
34640
158272
