60532
683476
42068
19076
1960
575728
284884
400408
250504
280936
223540
250504
2.31676e+06
1.35729e+06
3.8185e+06
24280
9232
175264
278800
250504
142516
9232
2.22345e+06
1.40016e+06
31552
139144
672136
2.10875e+06
198676
253528
1.23201e+06
17332
95956
69040
206980
91312
215296
74032
426436
367144
6.73158e+06
809008
184192
27988
217312
584656
1600
24280
249352
30040
146500
64960
48696
217840
556468
453328
117184
162304
207520
425032
21688
6.81014e+06
176740
39184
1.48278e+06
1.56476e+06
523096
453256
143632
644164
210436
650752
117124
143620
127672
2.48006e+06
332368
266848
593728
144340
21072
103768
182068
70468
6.56829e+06
1.72114e+06
2884
13444
400948
14656
1.27694e+06
193432
51316
242608
10024
2728
19496
93976
1.7773e+06
97360
