14128
95956
1.48959e+06
125224
34180
905416
153256
74932
113488
194884
262168
89044
13908
12896
732400
55384
182896
1.27694e+06
95956
103552
216628
8152
1.27694e+06
132352
835432
183028
67204
211636
319192
18952
153448
338560
564064
182068
235204
117124
251752
39040
625048
88324
21688
5176
37416
48436
200272
96208
20528
239056
1.09906e+06
204184
563920
304360
79240
542104
714904
103120
72472
205252
29832
149872
59296
135376
250504
2.23511e+06
547540
56200
455380
14052
722500
897856
552904
13120
197476
197476
23704
155176
54448
11876
65608
149200
180520
98920
15584
1.40405e+06
3380
63760
123604
730456
34072
645136
24388
59776
62260
131188
662416
324052
578500
178048
897856
166696
65104
35992
85300
75544
118096
223720
400948
61108
219184
46464
105784
39364
23704
269728
373012
254176
88432
70192
663712
399976
128464
250504
860704
216736
221992
130900
44304
9328
38536
49408
32560
52072
27048
53188
34820
80656
6.81014e+06
345544
102256
10072
272980
82768
262420
238336
101392
197152
4.11637e+07
90808
482416
158416
112696
15064
17476
455200
6.81014e+06
150496
9232
390148
472120
558304
72016
251080
236032
12468
291976
1.15446e+06
267460
4468
12904
427012
40584
229936
1.32726e+06
181780
138400
10960
1.05107e+07
17668
41936
3328
58384
179944
494080
4.84526e+06
34900
73492
439504
140488
250504
427192
125764
22804
88792
296296
45844
888244
296212
23476
138400
351700
5972
9232
165832
118696
547540
817936
190888
250504
56848
516616
59668
251392
5.29965e+06
8.15362e+06
571264
29428
552904
41236
9264
5728
110464
262408
298564
2464
9624
77632
274912
16132
120388
168388
343924
572020
32272
143680
23236
250504
228256
298888
365416
86128
164632
261304
12376
1.48278e+06
631636
86020
560356
30820
190996
25176
279448
697624
79432
95956
323296
796552
96712
613168
192436
108436
42496
433024
9232
658528
130480
251584
17104
24712
211552
52144
49408
79168
301840
324160
43200
236680
362536
220612
32776
153880
558232
398032
2.80114e+06
1.62686e+06
162904
130192
268228
251908
81304
265012
13444
245812
182068
250504
56584
79216
26944
44980
202984
342952
22112
408256
46384
238288
158056
1.04074e+06
21144
440152
40552
37312
289960
49252
250504
40840
542212
51808
500416
199108
331360
47552
346408
1.55277e+06
15928
265012
13312
44224
133972
130360
21328
60100
215764
88468
77416
15784
429136
33892
190996
2.24872e+06
849040
22032
575728
153952
51604
94768
390292
93616
581416
245320
67444
11668
512944
1.27694e+06
136240
34984
25172
1.36305e+06
35812
109780
150388
1.49769e+06
271168
42128
143488
448792
25792
308608
591460
396916
219184
78208
836404
599056
38500
46384
4.11637e+07
694816
501604
100276
216664
144232
259252
131092
207520
142720
288088
364228
481624
106288
47528
91672
130192
19728
199360
575728
108592
50848
5716
49156
39112
10624
120052
945268
137536
45520
89728
308320
95956
223648
608200
176740
1.21013e+08
328372
5.31441e+06
473524
206368
140740
9232
9.87503e+06
141592
46816
85732
131908
552904
248020
1.27694e+06
403864
372256
14056
112384
868
1.04074e+06
13012
28816
83104
227176
392200
39520
20488
13240
158656
12752
114208
975400
9232
144340
20968
22804
186052
209680
19408
424276
98368
28744
118096
85108
28528
146200
56320
56248
67768
435544
247192
115540
89908
130624
52864
154852
194560
10996
31528
121012
3.89723e+06
599056
394936
124468
194656
819556
51028
9232
29536
212932
262276
250504
375892
149200
165076
248884
190996
9232
629584
262864
19220
218464
250504
78784
21320
80212
283816
1.23183e+06
11716
324160
134224
297268
1.573e+06
502576
599056
223072
32680
238948
41588
58624
289360
131908
84436
505924
141496
61720
422152
93796
8200
205396
17032
227728
166048
269728
811924
20932
383956
144232
166048
319300
1.40794e+06
47800
1.8988e+06
875284
324952
21688
2.20286e+06
475288
345112
286576
811924
606256
63016
1.19529e+06
6664
462976
258064
568456
43288
124948
39732
258580
242008
71392
481300
250504
45344
208096
122200
171016
25000
39364
1.59285e+07
21088
171232
778084
9232
2.48006e+06
514996
975400
364912
560356
4.73315e+06
69712
176740
115504
593944
196456
18088
9988
2.63363e+06
40664
56500
284128
94552
41512
9232
135064
2.5617e+06
59092
10848
163924
48388
80980
39364
503008
537028
584656
531412
223072
72544
217168
58480
14472
27160
85048
381508
27920
129472
32656
273076
354832
27364
120760
456676
114532
167056
17476
453256
49304
191104
78196
22480
185776
45616
42280
66820
50728
797524
1.03782e+06
35416
65608
433024
26632
28600
175444
18304
116152
270964
198484
255472
250504
4.2384e+06
742120
59992
240568
120904
86128
143584
87568
217240
283048
53956
117988
153088
133000
787048
19840
22084
176740
27700
1.20558e+06
626776
12592
9232
164788
219400
392020
77848
23956
256948
328048
665656
1.02983e+06
1.42349e+06
3.25474e+06
2.63363e+06
335824
170224
71656
11112
12328
143464
231712
981232
4804
144952
271492
33748
61720
48388
96064
47208
351880
184408
657880
24580
9560
21688
26728
444904
94048
78064
514996
65008
89332
203776
27664
185056
343636
272464
39040
59668
121096
899584
190996
190996
275560
73576
9232
125656
213568
43252
208384
143200
45316
100744
149056
198208
481624
201688
857140
227032
32344
170836
105928
127636
98932
250504
9232
9232
304180
2.10605e+06
5.2179e+08
201568
54232
21688
164752
184192
57088
40288
23812
9232
34000
37744
301480
993688
43984
136528
408400
176740
59776
600208
19744
12696
120400
56656
113560
29540
322432
1.27694e+06
353320
7024
104752
443032
5092
4.84526e+06
115792
264112
257680
6952
277444
647728
57616
115444
329776
114244
135412
75904
888244
26728
1.93012e+06
98164
135268
156976
374596
96808
60136
528280
32056
123748
240784
90136
129760
56212
1.04812e+06
100276
6724
279400
314656
125344
3.78837e+06
253024
332404
9.63592e+06
286420
333232
6.81014e+06
66628
25156
486952
222100
45520
100744
147112
255400
6.17171e+06
316276
60064
16536
323512
80728
150064
166804
169984
58804
17504
34272
23648
481624
2.41882e+06
305908
53944
175912
59776
217240
282688
1.27694e+06
383776
654640
16468
242584
109504
95956
481624
10096
103636
122296
774196
31760
231136
253024
284128
183220
547540
224692
41416
252592
417652
295864
80656
238084
19288
247696
77272
95092
47544
94984
52756
222964
154384
5792
10420
8.15362e+06
94048
26080
176740
112192
925828
44164
222928
70852
1.05251e+06
17456
91816
231496
323512
2.09255e+06
69664
60100
39832
711016
79108
91672
2.7075e+06
370528
175444
327400
17440
7024
455380
14344
175444
49456
362608
77704
27016
95956
345544
41956
2.5238e+06
198448
897856
71680
221776
9616
897856
472336
138400
46480
63016
83128
1.9069e+06
400948
224800
9232
56632
353320
631744
55504
39760
217240
10852
9232
436912
126016
50848
55300
406240
1.27694e+06
120904
37024
39364
46768
30580
14824
575728
10264
426004
127636
410884
129208
576232
106432
95956
422656
42852
1.21013e+08
10996
27376
8.15362e+06
89908
481624
20932
51028
445444
47800
6.12797e+06
12952
95956
27844
1.65386e+06
7.33638e+06
4912
45652
72736
57832
25728
21328
225556
265864
118624
1.30394e+06
64096
109600
339712
250504
144928
18664
