100
28158723179
82844944327
88243069128
83180909835
65938468394
78753306923
47120053116
67268547078
85258017367
83224369294
14337730238
49783630120
40444073785
28828066119
48902504007
8651789020
18401010417
30812783202
19694087547
30940710173
99974275860
44976573194
64928517374
14853308107
19407036414
45095972632
46974181617
34854147597
56132015937
90106928694
79007290769
88823235103
8594987920
58038160040
70686997168
40274038677
99298120853
76354989336
17705607158
6656412592
70668778530
7910654241
17685754399
89328446883
79862985792
59372482230
54631333755
11789587775
8896581600
28502070422
25321581795
11448324955
60384008762
49146293781
97326093762
45257106337
83035730785
47862599016
44115234497
44262505313
20560410742
89478656242
29355404693
7766121757
58782527100
54328295950
52574961129
79381028979
4629646219
70485976891
22533423644
125194332
15476713220
64501822827
99965682224
21932101410
85136415291
75179566395
67848227130
7422684039
63437688509
42576309046
71957921742
91894235790
68826945431
67873452041
38318760023
34248226110
24559172655
51821227250
95339330101
79988395757
94881145413
3125118833
4589726741
38494853650
73890921852
57984721492
16712014851
28185683680
