100
70804062463
76223120139
64183855552
80114907251
52580979824
68193022536
26232439370
52133192744
40880219406
58133938785
52202395567
37466797798
81318057861
65280386815
58778063948
1221940653
49932806026
30030955830
11111573817
59397038399
592190443
35710749749
77297693555
94017132693
88828468075
48578825208
32322565523
21809867779
16793414017
55331366626
67656664663
86853781330
63624441120
26972776882
53437281743
63286269954
95232666002
19228606834
68677775159
29225367486
28801291864
44611371101
24877909921
42962029878
571577739
87216501887
39677004230
11461257864
62719837825
82828984793
88075719899
22061163017
73091127206
40103227575
26782774104
81679506611
54286198481
14372604581
49968301242
28029836551
96846490393
36729887111
95276663471
16108254856
78736698883
50040565445
96645642077
67834079073
94180671933
29189903847
71572328025
21791349217
40171637073
35407007660
96659429081
24704332595
39269515649
84458858423
57328891585
97266226428
42334513201
35900580162
41116164435
79737777482
62311279409
39159635116
63993590534
62675694280
21580587014
37996815731
66094107136
21327414679
12673566714
67388836076
31372579187
98419658931
92399063983
50052673013
88708015617
35374592595
